
DMR Smart Settling


Timestamp, LDR1, LDR2, LDR3, LDR4, LDR5, LDR6, LDR7, LDR8, LDR9, LDR10, LDR11, LDR12, LDR13, LDR14, LDR15, LDR16, LDR17, LDR18, LDR19, LDR20, LDR21, LDR22, LDR23, LDR24, LDR25

0,3739,4032,4069,4080,4084,4084,4083,4079,4009,4002,3997,3997,3997,4001,4002,3990,4085,4083,4088,4088,4087,4084,4083,4090,4082
13,3885,4025,4064,4079,4082,4084,4082,4079,4005,3997,3991,3991,3991,3996,3997,3986,4085,4083,4088,4088,4086,4085,4083,4090,4085
27,3334,3982,4054,4075,4082,4084,4083,4081,4022,4017,4013,4013,4013,4020,4023,4014,4087,4086,4090,4089,4088,4087,4086,4092,4089
41,3452,3910,4035,4072,4080,4084,4083,4080,4016,4009,4003,4004,4004,4006,4004,3992,4086,4085,4089,4088,4087,4086,4085,4092,4090
55,3427,1926,3955,4054,4075,4083,4082,4078,3999,3991,3983,3982,3981,3988,3989,3977,4083,4083,4088,4087,4088,4087,4086,4092,4091
69,3419,1066,3813,4013,4067,4080,4080,4078,4004,4006,4005,4011,4013,4018,4021,4013,4088,4086,4090,4091,4090,4090,4089,4092,4092
83,3646,992,650,3863,4029,4072,4079,4078,3999,3993,3985,3988,3987,3989,3991,3982,4085,4084,4089,4090,4089,4090,4090,4093,4092
96,3575,1084,582,3136,3898,4050,4073,4076,4006,4000,3994,3994,3996,3999,4001,3992,4087,4085,4089,4090,4090,4091,4091,4093,4092
110,3702,1273,552,750,3462,3989,4055,4075,4005,3998,3995,3996,3995,4000,4001,3991,4087,4087,4090,4091,4091,4091,4092,4093,4092
124,3762,1129,598,741,614,3676,3996,4063,3999,3991,3984,3988,3989,3994,3996,3985,4088,4087,4091,4091,4092,4091,4092,4093,4092
138,3794,1262,573,722,670,861,3709,4035,3985,3973,3966,3967,3967,3970,3972,3964,4088,4088,4092,4092,4092,4092,4092,4093,4092
152,3765,1339,654,797,633,712,869,3882,3944,3930,3923,3922,3919,3918,3915,3904,4087,4088,4092,4092,4092,4092,4092,4093,4092
166,3813,1358,619,674,710,645,276,3570,3785,3750,3735,3725,3710,3703,3696,3681,4085,4090,4092,4092,4092,4092,4092,4093,4092
179,3813,1463,557,964,680,772,259,678,3313,3274,3276,3275,3262,3253,3247,3243,4079,4090,4092,4092,4092,4092,4092,4093,4092
193,3805,1489,641,796,703,775,241,603,855,2884,3200,3243,3245,3247,3244,3232,4079,4091,4092,4092,4092,4092,4093,4093,4092
207,3779,1459,674,923,735,715,248,541,749,355,2876,3094,3130,3090,3079,3069,4078,4091,4092,4092,4093,4092,4093,4093,4092
221,3759,1481,704,897,776,758,252,555,652,291,2414,2838,2880,2884,2877,2866,4075,4091,4092,4093,4092,4092,4092,4093,4092
235,3795,1311,711,925,719,843,256,512,678,238,59,2642,2836,2862,2867,2864,4075,4092,4092,4093,4092,4093,4093,4093,4092
249,3800,1528,729,1047,814,701,266,526,626,239,40,2367,2701,2745,2743,2734,4074,4092,4093,4093,4092,4092,4093,4093,4092
263,3772,1551,766,955,723,833,252,584,656,210,40,174,2480,2667,2681,2681,4073,4092,4092,4092,4092,4093,4092,4093,4093
276,3786,1595,783,1008,808,754,255,601,713,226,42,184,2343,2596,2614,2610,4072,4092,4092,4093,4092,4093,4093,4093,4092
290,3806,1570,754,885,901,796,254,479,618,193,38,152,1946,2471,2519,2517,4071,4092,4092,4093,4093,4092,4093,4093,4093
304,3811,1553,783,885,861,834,249,590,806,230,38,154,241,2358,2491,2497,4071,4092,4092,4092,4092,4093,4092,4093,4092
318,3809,1670,869,1105,922,894,252,583,728,235,39,160,236,2312,2503,2506,4071,4092,4092,4093,4092,4092,4093,4093,4092
332,3811,1673,849,1138,869,898,258,632,651,222,40,145,204,2074,2394,2413,4070,4092,4092,4092,4093,4092,4092,4093,4092
346,3812,1381,795,1135,842,999,262,633,716,247,42,143,182,772,2335,2407,4070,4092,4093,4093,4092,4092,4093,4093,4093
359,3814,1624,854,1103,788,912,282,649,697,230,41,146,184,83,2438,2662,4072,4092,4092,4093,4092,4093,4093,4093,4093
373,3823,1709,869,1031,668,888,258,664,718,256,38,162,177,85,2396,2506,4071,4092,4092,4092,4092,4093,4093,4093,4092
387,3828,1773,902,1206,949,920,260,655,746,260,37,163,170,92,2291,2415,4069,4092,4092,4093,4093,4093,4093,4093,4092
401,3793,1778,942,1140,930,919,265,651,725,234,37,156,191,83,2120,2335,4068,4092,4093,4093,4092,4093,4093,4093,4093
415,3774,1731,928,1188,950,965,272,684,810,240,35,161,177,84,1605,2331,4067,4092,4092,4093,4092,4093,4093,4093,4092
429,3774,1715,974,882,1000,963,271,683,768,229,37,159,181,78,121,2263,4066,4092,4092,4093,4092,4093,4093,4093,4093
442,3781,1786,923,1212,939,1016,272,558,795,281,36,152,189,80,114,2251,4065,4092,4092,4093,4092,4092,4093,4093,4093
456,3781,1763,983,1262,971,1006,261,711,738,263,35,159,180,77,111,2225,4064,4092,4093,4093,4092,4092,4093,4093,4092
470,3785,1777,964,1241,955,1008,256,679,791,248,36,163,168,81,109,2209,4063,4092,4092,4093,4092,4093,4093,4093,4092
484,3785,1805,787,1257,1002,981,267,700,756,257,35,158,193,76,107,2031,4058,4092,4092,4093,4092,4093,4093,4093,4092
498,3785,1768,1035,1243,1066,990,268,685,778,227,35,155,188,78,103,1909,4053,4092,4092,4092,4092,4093,4093,4093,4092
512,3783,1804,1063,1319,1095,950,269,681,817,255,34,157,176,76,101,1801,4047,4091,4092,4092,4093,4093,4092,4093,4092
525,3783,1862,1139,1333,1091,1074,260,708,821,256,34,162,176,77,101,1516,4037,4091,4093,4093,4092,4093,4093,4093,4092
539,3783,1864,1045,1352,1048,1014,266,679,788,268,34,161,172,76,100,86,4013,4090,4092,4093,4092,4093,4093,4093,4092
553,3783,1805,1059,1332,1006,1056,259,715,722,245,35,166,176,84,102,78,4002,4090,4092,4093,4092,4093,4093,4093,4092
567,3784,1776,1139,1407,1028,1068,265,730,830,226,34,167,178,75,100,79,3986,4089,4092,4092,4092,4093,4093,4093,4092
581,3782,1844,1126,1318,1058,1094,271,697,789,248,34,173,176,77,101,82,3963,4088,4092,4093,4092,4092,4093,4093,4092
595,3783,1878,1043,1406,1107,1101,268,693,837,265,34,167,192,75,105,80,3927,4087,4092,4092,4092,4092,4092,4092,4092
609,3784,1892,1164,1478,1172,1075,273,721,798,258,35,173,186,76,103,77,3877,4086,4092,4092,4092,4092,4092,4093,4092
622,3783,1888,1150,1490,1156,1121,268,745,811,263,34,162,187,76,100,78,3824,4084,4092,4092,4092,4092,4092,4093,4092
636,3773,1882,1163,1408,1149,1170,264,693,787,260,34,171,188,75,103,79,3778,4081,4092,4092,4092,4092,4092,4092,4092
650,3785,1937,1216,1492,1192,1201,271,628,840,245,34,168,196,76,101,78,3722,4077,4092,4092,4092,4092,4092,4092,4092
664,3785,1935,1153,1467,1103,1170,253,766,853,232,34,171,183,94,103,78,3652,4072,4092,4092,4092,4092,4092,4092,4092
678,3784,1924,1167,1463,1176,1148,276,765,832,273,34,160,193,77,104,75,3208,4061,4092,4092,4092,4092,4092,4092,4092
692,3784,1946,1169,1471,1210,1181,272,750,837,282,35,177,193,78,103,76,1706,4039,4092,4092,4092,4092,4092,4092,4092
705,3783,1965,1127,1402,1218,1206,275,710,903,261,34,175,190,77,103,70,706,4023,4092,4092,4092,4092,4092,4092,4092
719,3782,1921,1104,1491,1227,1224,275,746,891,260,35,157,188,76,103,79,675,4015,4092,4092,4092,4092,4092,4092,4092
733,3783,1970,1201,1435,1057,1232,278,746,808,263,34,168,216,78,104,79,606,4003,4091,4092,4092,4092,4092,4092,4092
747,3782,1951,892,1492,1212,1139,268,790,846,269,34,166,201,78,103,78,584,3989,4091,4092,4092,4092,4092,4092,4092
761,3783,1956,1135,1396,1180,1141,269,823,897,270,35,174,192,78,103,80,539,3970,4091,4092,4092,4092,4092,4092,4092
775,3783,1937,1176,1531,1199,1212,276,780,881,260,34,168,197,75,103,77,584,3939,4090,4092,4092,4092,4092,4092,4092
788,3783,1965,1162,1522,1207,1211,272,766,842,289,34,155,192,73,102,76,586,3900,4089,4092,4092,4092,4092,4092,4092
802,3780,1964,1280,1549,1237,1129,280,744,862,294,34,151,207,75,101,78,513,3854,4088,4092,4092,4092,4092,4092,4092
816,3780,1977,1255,1556,1262,1116,273,744,914,290,34,155,200,77,104,78,583,3798,4086,4092,4092,4092,4092,4092,4092
830,3776,1967,1259,1509,1204,1210,274,752,897,304,33,173,188,73,102,78,572,3741,4085,4092,4092,4092,4092,4092,4092
844,3776,1985,1225,1514,1254,1229,262,721,882,302,34,170,190,77,104,78,582,3695,4083,4092,4092,4092,4092,4092,4092
858,3783,1986,1266,1542,1207,1169,277,731,873,283,34,169,194,78,104,79,539,3655,4082,4092,4092,4092,4092,4092,4092
871,3783,1992,1289,1471,1228,1237,265,810,865,315,33,192,201,77,104,79,559,3619,4081,4092,4092,4092,4092,4092,4092
885,3771,1959,1266,1467,1207,1224,261,796,903,278,33,185,196,77,104,78,590,3587,4079,4092,4092,4092,4092,4092,4092
899,3767,2017,1262,1532,1168,1221,257,796,938,267,33,163,207,76,99,78,517,3521,4076,4092,4092,4092,4092,4092,4092
913,3770,2027,1317,1535,1219,1181,271,809,837,308,33,176,201,80,103,77,582,2265,4058,4092,4092,4092,4092,4092,4092
927,3768,2021,1257,1517,1177,1168,273,827,927,323,33,166,200,77,104,77,578,400,4037,4092,4092,4092,4092,4092,4092
941,3766,2028,1316,1552,1200,1220,277,855,876,341,33,179,202,76,105,77,617,189,4030,4092,4092,4092,4092,4092,4092
955,3761,2030,1336,1594,1245,1193,273,807,897,318,33,185,196,78,104,78,555,167,4027,4092,4092,4092,4092,4092,4092
968,3759,2046,1374,1557,1256,1169,271,808,917,350,35,184,208,76,103,78,554,164,4025,4092,4092,4092,4092,4092,4092
982,3762,2050,1306,1469,1184,1176,270,764,959,288,33,181,201,74,103,76,571,170,4022,4092,4092,4092,4092,4092,4092
996,3750,1958,1274,1543,1172,1275,274,790,931,322,33,188,199,76,102,78,595,168,4019,4092,4092,4092,4092,4092,4092
1010,3748,2059,1324,1610,1206,1139,277,784,964,320,33,194,194,76,102,75,571,168,4015,4092,4092,4092,4092,4092,4092
1024,3747,2061,1265,1609,1142,1297,272,842,900,309,33,162,197,76,104,79,591,168,4011,4092,4092,4092,4092,4092,4092
1038,3748,2066,1315,1618,1205,1230,275,842,924,325,33,184,200,75,104,79,580,167,4005,4092,4092,4092,4092,4092,4092
1051,3747,2050,1340,1603,1120,1252,275,806,935,309,33,177,201,76,102,77,588,171,3997,4092,4092,4092,4092,4092,4092
1065,3746,2051,1327,1630,1147,1209,274,751,905,287,33,169,200,76,104,76,541,169,3987,4092,4092,4092,4092,4092,4092
1079,3746,2044,1353,1487,1120,1176,278,795,920,280,33,188,182,76,104,77,575,173,3976,4092,4092,4092,4092,4092,4092
1093,3747,2061,1334,1662,1220,1150,273,843,895,252,33,194,190,77,103,77,597,168,3963,4091,4092,4092,4092,4092,4092
1107,3747,2055,1375,1632,1264,1227,270,829,917,248,33,186,208,78,102,77,599,167,3949,4091,4092,4092,4092,4092,4092
1121,3747,2050,1333,1624,1241,1178,273,827,920,258,33,191,208,76,104,77,596,170,3935,4091,4092,4092,4092,4092,4092
1134,3747,2050,1287,1622,1255,1239,271,852,961,308,33,176,209,76,104,76,611,167,3922,4090,4092,4092,4092,4092,4092
1148,3747,2075,1371,1646,1203,1215,272,813,977,321,33,185,205,77,105,78,594,168,3908,4089,4092,4092,4092,4092,4092
1162,3748,2070,1369,1689,1278,1180,268,773,998,325,33,183,198,76,105,77,607,167,3891,4088,4092,4092,4092,4092,4092
1176,3747,2095,1377,1675,1271,1264,271,782,914,327,33,177,196,76,105,78,596,168,3870,4087,4092,4092,4092,4092,4092
1190,3747,2108,1386,1641,1270,1274,269,812,928,351,33,181,197,76,105,78,596,168,3848,4086,4092,4092,4092,4092,4092
1204,3748,2119,1405,1640,1266,1263,269,811,887,333,33,194,199,75,105,77,600,166,3824,4085,4092,4092,4092,4092,4092
1217,3748,2101,1396,1690,1274,1249,271,765,909,317,33,183,211,75,105,78,615,169,3802,4084,4092,4092,4092,4092,4092
1231,3750,2097,1360,1709,1375,1217,270,809,888,309,33,181,202,76,105,77,605,166,3782,4082,4092,4092,4092,4092,4092
1245,3746,2093,1408,1721,1305,1273,273,837,913,336,33,170,202,75,104,78,581,179,3761,4081,4092,4092,4092,4092,4092
1259,3746,2111,1428,1778,1299,1281,276,791,929,323,33,184,204,75,102,81,606,169,3734,4080,4092,4092,4092,4092,4092
1273,3746,2115,1349,1736,1325,1271,274,823,853,318,33,184,203,77,106,80,619,168,3681,4078,4092,4092,4092,4092,4092
1287,3746,2123,1417,1759,1299,1204,275,788,881,300,33,182,203,75,104,78,646,170,3423,4073,4092,4092,4092,4092,4092
1301,3745,2110,1417,1750,1305,1235,273,811,871,315,33,186,204,75,105,76,620,167,2684,4063,4092,4092,4092,4092,4092
1314,3744,2140,1391,1745,1302,1258,272,780,859,317,33,184,206,77,104,75,633,168,1819,4052,4092,4092,4092,4092,4092
1328,3744,2152,1475,1759,1280,1283,274,820,959,302,33,193,206,77,106,77,614,171,1115,4043,4092,4092,4092,4092,4092
1342,3744,2160,1424,1744,1315,1196,273,817,921,307,33,172,206,76,104,78,627,166,808,4038,4092,4092,4092,4092,4092
1356,3744,2156,1429,1702,1311,1247,275,833,940,299,33,168,201,76,104,79,610,168,693,4035,4092,4092,4092,4092,4092
1370,3744,2149,1447,1763,1279,1251,269,804,917,276,33,177,213,77,105,79,617,169,649,4032,4092,4092,4092,4092,4092
1384,3744,2166,1446,1741,1263,1280,278,843,924,278,33,184,196,76,106,78,637,166,651,4031,4092,4092,4092,4092,4092
1397,3744,2175,1392,1726,1286,1209,275,809,896,269,33,181,202,75,106,80,652,167,625,4029,4092,4092,4092,4092,4092
1411,3744,2170,1339,1687,1352,1294,274,809,943,301,33,171,202,77,104,78,612,169,624,4027,4092,4092,4092,4092,4092
1425,3748,2169,1400,1771,1200,1235,273,843,907,269,33,178,203,77,104,80,652,167,631,4025,4092,4092,4092,4092,4092
1439,3744,2177,1386,1652,1278,1193,270,775,876,286,33,180,206,77,105,78,660,167,659,4024,4092,4092,4092,4092,4092
1453,3745,2170,1406,1712,1253,1229,268,789,879,323,33,174,208,75,105,75,638,165,661,4021,4092,4092,4092,4092,4092
1467,3743,2162,1460,1742,1228,1278,278,849,909,335,33,180,199,75,104,77,610,167,708,4020,4092,4092,4092,4092,4092
1480,3741,2172,1432,1713,1256,1216,272,844,938,311,33,189,206,75,105,78,609,166,684,4017,4092,4092,4092,4092,4092
1494,3741,2190,1434,1718,1264,1231,271,826,962,299,33,177,204,75,106,77,642,167,696,4015,4092,4092,4092,4092,4092
1508,3740,2192,1464,1768,1205,1182,267,861,885,296,32,176,206,74,104,77,640,166,692,4011,4092,4092,4092,4092,4092
1522,3740,2208,1462,1698,1168,1180,273,804,857,320,32,182,201,75,104,80,642,166,673,4008,4092,4092,4092,4092,4092
1536,3740,2225,1447,1746,1203,1233,271,851,886,322,33,186,206,74,103,79,645,169,672,4004,4092,4092,4092,4092,4092
1550,3738,2220,1470,1730,1166,1295,272,854,910,329,33,188,202,74,104,78,631,166,715,4000,4092,4092,4092,4092,4092
1563,3738,2222,1458,1695,1204,1187,272,853,906,295,33,186,206,76,103,78,668,168,701,3996,4091,4092,4092,4092,4092
1577,3739,2213,1456,1666,1195,1194,270,815,872,301,33,188,205,75,102,78,666,169,724,3992,4091,4092,4092,4092,4092
1591,3738,2214,1468,1632,1251,1190,267,809,906,314,33,187,206,75,103,76,681,165,751,3986,4091,4092,4092,4092,4092
1605,3737,2208,1456,1700,1210,1214,270,825,855,295,32,180,215,75,103,78,613,165,757,3979,4091,4092,4092,4092,4092
1619,3738,2208,1459,1676,1216,1209,266,829,899,300,33,171,206,75,105,78,626,167,762,3972,4091,4092,4092,4092,4092
1633,3739,2218,1477,1657,1204,1141,275,764,931,318,33,172,211,75,105,79,633,170,732,3965,4091,4092,4092,4092,4092
1647,3739,2228,1501,1610,1201,1205,277,817,915,315,33,181,206,74,103,77,622,169,750,3958,4090,4092,4092,4092,4092
1660,3739,2241,1480,1663,1197,1187,268,806,921,311,33,167,205,77,105,77,615,165,774,3949,4090,4092,4092,4092,4092
1674,3740,2248,1477,1504,1187,1197,273,815,921,332,33,176,201,75,103,79,587,168,776,3940,4090,4092,4092,4092,4092
1688,3740,2248,1465,1612,1198,1246,273,810,862,303,33,182,199,77,104,76,644,165,781,3931,4090,4092,4092,4092,4092
1702,3740,2255,1477,1596,1255,1203,272,779,897,319,33,182,207,76,99,79,643,169,685,3919,4089,4092,4092,4092,4092
1716,3739,2255,1464,1628,1254,1237,272,736,862,302,33,183,208,76,103,78,626,167,739,3907,4089,4092,4092,4092,4092
1730,3739,2247,1473,1582,1256,1181,272,813,913,309,33,188,187,76,104,78,634,167,737,3895,4088,4092,4092,4092,4092
1743,3739,2257,1487,1632,1222,1127,270,796,892,300,33,175,202,74,105,80,588,168,753,3883,4088,4092,4092,4092,4092
1757,3741,2274,1488,1648,1251,1151,271,803,909,321,33,176,209,75,105,77,613,167,816,3870,4087,4092,4092,4092,4092
1771,3740,2280,1487,1624,1236,1183,273,832,901,305,33,185,207,76,105,77,641,168,796,3856,4087,4092,4092,4092,4092
1785,3741,2262,1512,1623,1236,1192,272,843,911,328,33,191,201,77,104,77,647,167,757,3841,4086,4092,4092,4092,4092
1799,3746,2284,1490,1610,1237,1236,276,815,946,304,33,186,208,78,105,80,634,168,778,3830,4085,4092,4092,4092,4092
1813,3751,2280,1472,1551,1182,1212,271,808,928,324,34,186,212,78,107,80,618,166,798,3816,4085,4092,4092,4092,4092
1826,3749,2287,1477,1672,1218,1205,275,806,891,328,34,181,216,77,107,79,653,168,809,3803,4084,4092,4092,4092,4092
1840,3749,2292,1523,1677,1231,1241,273,821,902,309,34,190,201,77,104,80,647,165,784,3789,4084,4092,4092,4092,4092
1854,3748,2299,1513,1661,1244,1184,275,796,849,333,33,186,200,75,107,79,645,166,804,3774,4083,4092,4092,4092,4092
1868,3746,2302,1480,1671,1253,1186,270,814,904,329,33,184,206,76,105,75,630,167,786,3761,4082,4092,4092,4092,4092
1882,3744,2297,1484,1698,1192,1191,274,820,910,309,34,176,208,74,105,77,657,166,780,3748,4081,4092,4092,4092,4092
1896,3733,2293,1496,1647,1174,1192,272,818,909,310,34,184,215,74,104,78,610,167,797,3738,4080,4092,4092,4092,4092
1909,3729,2297,1490,1715,1230,1216,273,802,867,324,34,169,214,75,105,78,612,167,767,3727,4080,4092,4092,4092,4092
1923,3737,2317,1492,1622,1188,1175,267,787,892,316,33,163,204,74,104,79,638,166,796,3712,4079,4092,4092,4092,4092
1937,3730,2315,1516,1595,1239,1199,269,796,933,309,33,181,211,75,104,79,570,169,797,3691,4078,4092,4092,4092,4092
0,235,264,3822,3969,4026,4056,4054,4058,3860,3836,3820,3819,3814,3830,3836,3809,4063,4060,4075,4071,4068,4066,4060,4075,4058
13,199,274,3801,3943,4014,4051,4051,4057,3845,3818,3801,3802,3797,3814,3824,3798,4062,4059,4074,4069,4065,4066,4060,4076,4064
27,195,253,1380,3871,3992,4043,4044,4053,3837,3799,3781,3795,3813,3822,3820,3791,4060,4056,4074,4071,4066,4066,4061,4078,4075
41,287,288,633,3696,3929,4027,4027,4050,3824,3787,3769,3773,3758,3769,3794,3763,4061,4050,4071,4066,4064,4068,4066,4084,4084
55,311,311,571,1243,3720,3968,4011,4044,3813,3768,3750,3758,3764,3754,3780,3759,4052,4057,4059,4070,4070,4070,4074,4088,4088
69,257,296,534,800,1476,3695,3931,4031,3781,3720,3729,3740,3733,3745,3764,3736,4060,4048,4076,4071,4070,4079,4081,4091,4090
83,252,274,534,664,750,1137,3468,3935,3741,3378,3627,3657,3652,3681,3686,3649,4058,4061,4078,4072,4079,4083,4086,4092,4091
96,244,269,659,694,655,787,434,3136,3505,3422,3447,3464,3449,3401,3421,3359,4056,4062,4080,4082,4084,4086,4088,4092,4092
110,236,259,587,751,717,669,358,592,1485,2748,2909,2982,2975,3014,3019,2993,4049,4067,4084,4085,4087,4088,4089,4092,4092
124,230,258,686,706,647,690,323,703,628,547,2362,2707,2761,2782,2787,2767,4056,4073,4086,4087,4088,4089,4090,4092,4092
138,227,256,677,767,609,563,293,700,620,236,94,2150,2419,2527,2551,2531,4054,4077,4088,4089,4089,4090,4091,4093,4092
152,225,254,895,880,726,664,278,562,570,221,67,150,1693,2243,2362,2367,4055,4081,4088,4089,4090,4091,4091,4093,4092
166,221,255,887,977,736,713,305,645,582,191,38,157,207,1834,2263,2306,4052,4081,4090,4090,4090,4091,4092,4093,4092
179,212,255,1303,880,730,742,316,674,606,195,39,161,271,84,1961,2223,4044,4081,4090,4090,4091,4091,4092,4093,4092
193,211,256,1049,960,717,701,301,592,578,168,38,154,198,79,136,1959,4022,4079,4090,4091,4091,4092,4092,4093,4092
207,209,258,806,903,723,768,315,679,645,166,37,156,201,75,109,1658,3971,4072,4090,4091,4092,4092,4092,4093,4092
221,205,259,961,967,757,702,297,647,633,219,39,143,199,82,111,85,3854,4060,4089,4091,4092,4092,4092,4092,4092
235,202,260,1103,1000,840,794,298,638,629,187,39,149,209,108,134,81,3638,4042,4089,4091,4092,4092,4092,4092,4092
249,201,261,1192,1063,913,905,291,682,650,254,38,142,193,78,119,77,750,3984,4087,4091,4092,4092,4092,4092,4092
262,200,262,1155,1027,967,826,301,636,600,233,37,156,189,76,125,79,487,3919,4084,4091,4092,4092,4092,4092,4092
276,199,263,945,1022,881,807,303,681,626,225,58,154,222,83,157,76,509,3807,4080,4091,4092,4092,4092,4092,4092
290,199,263,810,1064,900,908,307,758,651,228,38,174,170,81,123,80,505,3636,4074,4091,4092,4092,4092,4092,4092
304,195,264,973,1068,1042,929,299,674,663,222,40,152,234,77,127,93,537,3514,4065,4091,4092,4092,4092,4092,4092
318,197,264,1078,1088,1000,937,317,735,701,246,48,156,186,80,112,79,579,287,4020,4090,4092,4092,4092,4092,4092
332,198,264,1010,956,1014,947,322,735,642,224,38,127,234,76,109,77,588,212,4003,4090,4092,4092,4092,4092,4092
346,197,263,976,1133,1071,922,322,757,674,230,38,146,218,124,109,91,504,192,3973,4089,4092,4092,4092,4092,4092
359,198,263,1077,981,950,925,320,766,713,228,37,153,216,79,117,80,555,191,3930,4086,4092,4092,4092,4092,4092
373,199,262,1376,964,1059,964,323,818,684,244,37,139,243,79,109,82,514,201,3870,4083,4092,4092,4092,4092,4092
387,198,262,1376,1199,1048,1021,320,759,681,254,40,130,240,80,135,79,487,184,3793,4079,4092,4092,4092,4092,4092
401,197,261,1129,1183,1085,926,324,742,700,267,37,146,226,78,110,77,434,197,3727,4075,4092,4092,4092,4092,4092
415,198,260,1004,1190,1119,988,330,790,715,245,37,151,238,76,110,79,544,192,3709,4070,4091,4092,4092,4092,4092
429,199,260,956,1177,1170,1053,319,770,702,255,37,166,216,81,112,83,580,192,3117,4057,4091,4092,4092,4092,4092
442,201,259,841,1167,1188,1013,331,801,676,288,36,172,235,78,112,84,525,191,663,4024,4090,4092,4092,4092,4092
456,202,258,736,1291,1229,1071,335,827,747,272,39,173,225,79,111,79,518,198,684,4015,4090,4092,4092,4092,4092
470,204,258,691,1275,1218,1052,329,838,737,299,37,172,238,84,112,79,580,185,649,4002,4089,4092,4092,4092,4092
484,205,257,691,1257,1341,1185,335,820,744,283,38,174,245,81,107,81,589,202,766,3986,4088,4092,4092,4092,4092
498,207,257,733,1279,1268,1182,338,866,754,265,37,173,248,80,113,81,549,186,702,3961,4088,4092,4092,4092,4092
512,207,257,786,1277,1280,1163,345,876,749,286,37,182,260,81,114,78,554,185,665,3932,4087,4092,4092,4092,4092
525,209,257,819,1287,1372,1196,341,920,744,275,37,179,249,82,115,81,576,181,601,3893,4086,4092,4092,4092,4092
539,211,256,844,1245,1312,1263,349,945,746,295,38,178,254,80,114,78,550,185,621,3848,4084,4092,4092,4092,4092
553,213,256,846,1284,1326,1243,351,859,753,285,38,184,261,81,109,83,565,184,662,3805,4082,4092,4092,4092,4092
567,214,256,878,1317,1342,1247,351,998,781,302,38,188,262,82,114,81,608,191,629,3753,4080,4092,4092,4092,4092
581,215,256,919,1350,1441,1213,361,961,782,316,37,187,252,79,114,80,668,186,633,3704,4077,4092,4092,4092,4092
595,216,256,955,1294,1374,1381,349,1027,815,300,37,184,235,80,113,82,665,189,626,3678,4075,4092,4092,4092,4092
608,217,256,982,1335,1384,1363,353,977,838,331,37,193,265,79,115,82,614,189,656,3662,4073,4092,4092,4092,4092
622,218,256,986,1371,1438,1350,350,1013,823,312,37,180,277,81,114,81,626,182,686,1927,4050,4092,4092,4092,4092
636,219,256,998,1367,1503,1350,354,956,794,325,37,181,279,83,115,81,590,184,664,363,4033,4092,4092,4092,4092
650,220,255,998,1413,1366,1386,362,945,762,316,37,188,285,83,117,84,609,186,647,163,4027,4092,4092,4092,4092
664,220,255,1008,1385,1401,1342,359,1037,848,303,37,206,285,83,116,82,628,185,672,140,4024,4092,4092,4092,4092
678,221,255,1016,1413,1361,1364,361,1055,855,345,37,212,259,82,114,84,571,189,673,130,4021,4092,4092,4092,4092
692,221,255,1013,1408,1454,1315,355,1111,830,329,37,203,253,82,115,82,570,185,662,130,4018,4092,4092,4092,4092
705,221,255,1019,1458,1419,1317,354,1091,829,350,37,211,309,82,114,83,627,185,694,131,4012,4092,4092,4092,4092
719,222,255,1015,1459,1461,1366,360,1026,866,345,37,202,294,81,115,82,580,182,646,131,4007,4091,4092,4092,4092
733,223,254,1023,1403,1408,1306,353,1120,844,365,37,222,307,80,115,82,665,182,671,132,4001,4091,4092,4092,4092
747,223,254,1017,1393,1466,1263,346,1010,842,372,37,224,294,82,114,81,648,188,662,135,3993,4091,4092,4092,4092
761,224,254,1015,1381,1347,1342,348,1034,851,392,37,219,277,82,115,82,620,183,690,135,3985,4091,4092,4092,4092
775,224,254,1022,1359,1464,1305,355,1036,838,351,36,195,306,82,116,81,611,183,677,135,3975,4091,4092,4092,4092
788,224,254,1022,1440,1429,1246,353,1091,856,360,36,217,288,80,117,82,657,183,661,135,3962,4090,4092,4092,4092
802,225,254,1036,1478,1440,1174,350,952,861,369,36,154,318,83,117,81,629,184,623,133,3948,4090,4092,4092,4092
816,225,254,1022,1480,1380,1158,341,1034,846,363,36,226,321,82,117,88,632,183,687,134,3931,4090,4092,4092,4092
830,225,254,1028,1546,1406,1163,334,957,867,370,38,227,337,85,119,85,646,185,680,137,3915,4090,4092,4092,4092
844,226,254,1028,1529,1417,1073,332,958,881,372,38,223,323,84,124,86,669,183,668,138,3893,4090,4092,4092,4092
858,227,254,1025,1495,1507,1169,341,925,868,383,39,210,365,85,124,87,633,182,675,139,3866,4089,4092,4092,4092
871,227,254,1020,1488,1473,1183,343,908,790,368,38,252,385,89,126,88,667,184,694,140,3835,4088,4092,4092,4092
885,228,254,1019,1539,1473,1123,334,860,766,386,39,247,351,89,125,88,646,184,711,133,3806,4087,4092,4092,4092
899,228,254,1017,1556,1453,1179,340,863,790,377,39,252,361,88,128,90,667,181,677,134,3775,4086,4092,4092,4092
913,229,254,1018,1547,1415,1160,335,859,769,323,39,261,399,87,127,89,695,183,698,133,3743,4085,4092,4092,4092
927,229,254,1028,1568,1456,1205,345,907,786,341,39,210,375,88,127,89,696,185,652,132,3723,4084,4092,4092,4092
941,230,255,1013,1612,1472,1141,342,920,818,303,39,238,370,88,127,90,699,181,656,133,3701,4083,4092,4092,4092
955,230,255,1005,1557,1532,1231,341,905,808,321,39,242,352,89,127,91,730,185,697,133,3685,4083,4092,4093,4092
968,231,254,1002,1540,1402,1214,339,842,793,315,39,239,357,89,128,90,721,185,682,139,3673,4082,4092,4092,4092
982,231,254,996,1584,1500,1267,346,881,798,304,39,225,370,90,128,89,669,183,701,134,3523,4079,4092,4092,4092
996,232,255,1005,1645,1493,1288,350,970,774,326,39,212,354,88,129,89,736,184,693,135,2812,4070,4092,4092,4092
1010,232,255,1003,1596,1597,1201,346,912,809,319,40,211,361,88,129,89,733,183,683,134,1851,4059,4092,4092,4092
1024,233,255,999,1604,1555,1282,353,925,811,330,40,208,340,90,129,93,732,183,690,134,1159,4051,4092,4092,4092
1038,234,255,1001,1649,1610,1205,347,868,811,324,40,219,297,87,128,90,772,181,662,133,581,4044,4092,4092,4092
1051,234,255,1011,1601,1638,1273,350,1013,815,324,40,215,309,88,129,88,800,181,690,135,322,4040,4092,4092,4092
1065,235,256,1009,1645,1606,1202,340,863,827,314,39,208,294,87,127,89,760,183,666,137,220,4037,4092,4092,4092
1079,236,256,999,1624,1620,1267,347,948,772,322,39,195,310,88,129,90,760,183,706,135,168,4036,4092,4092,4092
1093,236,256,1014,1634,1614,1245,337,944,830,322,39,212,283,89,128,90,778,184,695,134,147,4035,4092,4092,4092
1107,237,257,1007,1576,1609,1283,348,862,831,336,39,209,302,86,124,87,798,183,684,132,141,4033,4092,4092,4092
1121,238,257,1010,1629,1581,1285,352,915,809,322,38,206,281,81,121,84,820,184,725,134,140,4031,4092,4092,4092
1134,238,257,1002,1635,1569,1237,344,830,775,297,38,186,285,84,120,85,785,184,711,135,144,4031,4092,4092,4092
1148,238,257,1009,1623,1657,1269,339,832,770,311,37,207,296,81,118,85,815,182,735,134,146,4030,4092,4092,4092
1162,239,258,1008,1653,1623,1318,346,833,742,330,37,188,253,81,118,84,873,184,715,137,146,4028,4092,4092,4092
1176,240,258,1004,1649,1591,1243,347,786,764,299,37,191,283,83,119,83,802,181,714,136,145,4026,4092,4092,4092
1190,240,258,1013,1668,1620,1300,340,817,724,296,37,193,289,81,116,82,797,181,711,134,146,4025,4092,4092,4092
1204,241,258,1007,1629,1647,1307,331,836,724,299,37,194,282,81,116,84,776,182,716,131,146,4024,4092,4092,4092
1217,242,259,1005,1676,1635,1264,337,845,713,283,37,191,275,79,115,84,733,183,749,137,145,4022,4092,4092,4092
1231,242,259,1011,1660,1586,1170,338,822,727,289,36,197,300,81,116,81,805,185,736,132,147,4020,4092,4092,4092
1245,243,259,1009,1681,1569,1166,337,788,704,276,36,186,275,82,117,82,797,184,741,134,147,4019,4092,4092,4092
1259,243,259,997,1669,1651,1261,328,791,705,264,37,206,277,81,115,81,755,184,771,136,144,4017,4092,4092,4092
1273,244,260,1002,1740,1633,1153,334,831,744,265,37,191,306,82,119,83,782,183,731,134,144,4016,4092,4092,4092
1287,244,260,1002,1732,1683,1197,333,862,745,261,38,192,293,83,118,81,682,181,759,133,146,4014,4092,4092,4092
1301,245,260,997,1764,1679,1213,343,794,730,268,37,190,293,85,117,83,712,185,771,136,148,4012,4091,4092,4092
1314,245,260,987,1786,1652,1156,339,820,744,267,37,198,287,80,117,82,707,181,769,133,144,4010,4091,4092,4092
1328,246,260,984,1805,1640,1118,328,813,744,288,38,177,256,81,118,83,713,183,777,137,144,4007,4091,4092,4092
1342,246,260,978,1801,1679,1218,333,792,716,271,37,182,280,83,116,82,634,184,795,134,146,4005,4091,4092,4092
1356,246,260,965,1807,1666,1210,318,825,708,286,38,183,272,81,115,82,651,188,743,134,144,4003,4091,4092,4092
1370,247,260,959,1820,1688,1211,325,773,734,264,37,171,258,81,116,83,630,183,779,137,144,4000,4091,4092,4092
1384,247,260,958,1798,1653,1192,331,778,728,283,37,179,266,82,117,83,746,183,745,133,147,3997,4091,4092,4092
1397,247,260,953,1824,1610,1193,322,779,720,269,37,180,280,81,117,83,684,184,792,133,145,3995,4091,4092,4092
1411,248,260,933,1753,1646,1159,334,845,731,267,37,186,266,81,119,82,718,186,742,134,145,3992,4091,4092,4092
1425,248,260,917,1761,1707,1195,333,805,713,283,37,181,254,84,117,82,685,183,737,136,146,3988,4091,4092,4092
1439,248,260,903,1817,1648,1175,337,832,723,288,37,180,270,82,116,83,658,184,780,134,144,3986,4091,4092,4092
1453,248,260,899,1837,1665,1168,328,824,741,274,37,177,256,83,117,82,659,184,696,131,147,3983,4090,4092,4092
1467,249,260,888,1813,1765,1197,325,815,724,273,37,180,267,81,117,83,615,182,730,133,147,3980,4090,4092,4092
1480,249,259,875,1817,1729,1208,329,792,732,264,38,185,267,82,118,83,683,182,752,132,145,3977,4090,4092,4092
1494,250,259,862,1794,1737,1224,335,812,739,279,38,185,264,82,119,84,708,184,725,131,146,3974,4090,4092,4092
1508,250,259,850,1863,1749,1222,333,845,721,263,38,178,280,80,116,83,643,184,751,133,148,3971,4090,4092,4092
1522,251,259,848,1858,1679,1183,334,836,748,267,38,185,256,81,113,82,682,186,771,134,147,3968,4090,4092,4092
1536,251,259,841,1886,1680,1204,338,877,745,273,38,187,241,81,116,82,686,184,750,134,144,3966,4090,4092,4092
1550,251,259,841,1898,1737,1158,333,820,708,276,38,183,266,82,115,83,711,184,731,132,147,3963,4089,4092,4092
1564,251,259,845,1899,1670,1200,330,816,735,293,37,178,286,81,116,81,645,184,714,132,147,3959,4089,4092,4092
1577,252,258,856,1896,1707,1257,334,838,742,285,38,191,266,81,113,82,685,186,705,134,145,3957,4089,4092,4092
1591,252,258,845,1872,1721,1205,331,801,722,286,38,181,265,82,114,82,671,184,722,136,146,3953,4089,4092,4092
1605,252,258,852,1840,1662,1207,335,849,739,270,37,181,268,83,116,83,676,185,692,132,145,3949,4089,4092,4092
1619,252,258,851,1801,1747,1231,338,839,734,276,37,176,262,84,118,80,670,183,682,133,147,3945,4088,4092,4092
1633,252,258,859,1795,1763,1240,332,829,736,268,37,184,284,81,117,82,668,188,700,134,147,3941,4088,4092,4092
1647,252,258,883,1774,1768,1261,326,830,752,285,37,184,266,82,117,82,636,187,703,133,147,3936,4088,4092,4092
1660,252,258,884,1809,1720,1212,336,830,746,289,37,179,277,82,117,84,636,184,658,133,147,3930,4088,4092,4092
1674,253,258,884,1830,1698,1205,340,801,753,286,37,182,263,82,115,82,641,187,715,136,145,3925,4087,4092,4092
1688,253,258,880,1863,1709,1205,335,798,790,275,37,183,267,82,117,82,639,185,692,133,146,3919,4087,4092,4092
1702,253,258,890,1844,1762,1229,337,817,750,297,37,186,267,81,118,83,633,183,706,139,145,3913,4087,4092,4092
1716,253,258,886,1883,1708,1244,335,827,765,285,37,186,281,83,115,83,633,186,710,137,147,3907,4087,4092,4092
1730,253,258,858,1869,1781,1164,332,826,759,294,38,180,274,83,119,83,587,186,738,133,145,3900,4087,4092,4092
1743,253,257,855,1849,1838,1217,334,851,766,321,38,186,279,82,116,82,633,187,702,135,146,3893,4086,4092,4092
1757,253,257,849,1825,1791,1229,334,861,774,287,38,191,270,82,117,84,642,187,720,136,146,3885,4086,4092,4092
1771,253,257,846,1829,1842,1232,335,859,761,299,38,178,261,83,117,82,595,186,696,136,145,3876,4086,4092,4092
1785,253,257,847,1913,1857,1206,334,841,789,272,38,189,279,82,120,84,604,187,714,137,148,3868,4085,4092,4092
1799,254,257,834,1908,1841,1202,334,866,741,296,37,197,280,81,118,83,618,185,673,135,146,3862,4085,4092,4092
1813,254,257,838,1929,1788,1212,338,852,745,295,37,185,276,82,118,81,604,186,711,133,146,3854,4085,4092,4092
1826,254,257,848,1916,1798,1230,339,890,763,307,37,189,299,82,116,82,605,186,694,134,145,3846,4085,4092,4092
1840,254,256,852,1879,1742,1279,335,841,762,301,37,190,279,83,117,82,568,190,711,133,145,3839,4085,4092,4092
1854,254,257,849,1923,1771,1265,342,885,755,306,37,199,279,82,115,83,631,185,728,133,146,3832,4084,4092,4092
1868,254,256,847,1947,1805,1263,332,842,781,307,37,200,289,82,118,83,612,189,716,133,146,3825,4084,4092,4092
1882,254,256,830,1947,1815,1277,338,831,778,296,37,202,297,84,117,83,632,189,696,134,146,3816,4084,4092,4092
1896,254,256,810,1939,1796,1264,341,864,777,290,37,200,303,83,119,84,634,185,703,135,146,3811,4083,4092,4092
1910,255,256,777,1959,1732,1275,333,891,781,289,38,202,297,84,117,85,603,190,695,134,148,3805,4083,4092,4092
1923,255,256,766,2010,1791,1261,340,867,789,305,38,196,309,84,117,84,620,184,693,135,145,3797,4083,4092,4092
1937,255,256,767,2031,1779,1230,344,912,800,301,38,206,276,84,117,84,620,189,668,134,147,3789,4083,4092,4092
1951,255,256,754,2035,1808,1281,336,820,807,318,38,211,281,85,121,85,661,187,620,135,147,3783,4083,4092,4092
1965,255,256,757,2040,1798,1260,335,863,784,328,38,209,300,84,119,86,629,190,665,136,147,3778,4082,4092,4092
1979,255,256,755,2032,1802,1269,343,864,777,317,37,202,296,84,118,83,649,189,685,136,146,3772,4082,4092,4092
1993,255,256,767,2048,1808,1280,336,871,784,312,37,198,287,84,117,84,622,190,676,134,147,3766,4082,4092,4092
2006,255,256,784,2048,1753,1238,340,866,788,319,38,194,294,84,117,84,680,187,683,137,147,3760,4082,4092,4092
2020,255,256,804,2029,1795,1261,344,940,810,314,37,199,294,81,117,87,682,187,715,133,147,3756,4082,4092,4092
2034,255,256,819,2034,1820,1256,351,896,816,304,38,199,300,84,118,84,641,187,660,134,147,3750,4082,4092,4092
2048,256,256,855,2027,1825,1231,349,939,817,321,37,185,301,84,119,84,606,189,678,136,148,3744,4081,4092,4092
2062,256,256,874,2025,1785,1264,338,888,800,306,37,200,286,82,120,84,641,187,693,134,145,3740,4081,4092,4092
2076,256,256,912,1904,1775,1276,339,868,811,308,38,199,300,84,120,84,707,187,686,135,146,3738,4081,4092,4092
2089,256,256,940,1926,1802,1311,336,930,810,307,38,194,296,83,118,83,653,189,659,135,149,3735,4080,4092,4092
2103,256,256,958,2048,1816,1264,337,891,800,320,38,206,305,83,120,83,688,188,672,135,146,3732,4080,4092,4092
2117,256,256,992,2065,1826,1309,339,909,783,320,37,200,295,83,117,83,601,186,655,137,147,3728,4080,4092,4092
2131,256,256,1018,2078,1839,1290,346,880,821,336,37,197,304,82,118,82,650,187,677,136,147,3724,4080,4092,4092
2145,256,256,1045,2062,1834,1277,344,899,802,329,37,200,318,81,119,82,659,187,674,136,149,3719,4080,4092,4092
2159,256,256,1079,2043,1818,1260,350,949,780,328,37,194,326,84,118,82,613,190,685,137,147,3717,4079,4092,4092
2173,256,256,1100,2052,1799,1312,351,909,798,322,37,196,294,82,118,83,649,188,692,135,147,3713,4079,4092,4092
0,181,273,3721,3817,3854,3921,3902,3955,3338,3221,3168,3159,3115,3177,3215,3137,3938,3947,3996,3976,3963,3947,3913,3973,3945
13,169,305,2929,3761,3811,3885,3890,3946,3291,3200,3171,3188,3172,3150,3212,3133,3944,3952,3947,3951,3947,3935,3926,3984,3998
27,190,303,1353,3715,3773,3898,3798,3951,3178,3122,3081,3174,3070,2997,3186,3106,3936,3964,3996,3928,3966,3903,3939,3985,4037
41,179,303,821,3178,3629,3804,3885,3943,3210,3089,3113,3107,3115,3195,3225,3075,3901,3944,3998,3939,3922,3973,3819,4035,4065
55,174,304,965,1923,2716,3518,3672,3908,2646,3044,2921,2967,2724,3030,3078,2984,3468,3922,3990,3922,3955,3981,3971,4062,4079
69,173,291,569,964,1323,2664,3265,3594,3028,2921,2848,2694,2837,2871,2927,2562,3934,3937,3978,3950,3959,4000,4027,4079,4085
83,181,276,589,815,801,915,1101,3526,2405,2491,2569,2650,2503,2691,2697,2677,3874,3879,3947,3942,3980,4015,4054,4086,4088
96,184,272,665,741,832,690,501,769,1616,1414,934,2001,2226,2247,2405,2277,3880,3914,3906,3973,4006,4051,4074,4090,4090
110,183,266,558,733,770,714,387,611,873,343,409,1576,1068,1631,1609,1756,3578,3888,3957,3973,4024,4066,4081,4091,4091
124,182,260,481,670,707,716,343,630,545,188,95,214,1067,656,1729,1532,3745,3828,3994,4019,4050,4076,4085,4092,4091
138,183,259,505,649,762,650,475,554,680,172,74,163,242,182,674,451,2487,3751,3971,4020,4064,4082,4087,4092,4092
152,185,256,622,656,742,606,363,561,507,189,47,114,149,175,184,451,2351,3330,3653,4010,4069,4084,4088,4092,4092
166,187,253,541,685,569,670,326,528,590,170,49,145,144,119,154,125,907,1120,2501,3940,4065,4085,4088,4092,4092
179,188,251,581,702,623,635,307,578,529,167,67,137,154,96,120,92,581,538,798,3808,4055,4085,4089,4092,4092
193,189,250,616,666,603,634,300,545,543,164,79,125,160,124,121,103,479,216,571,3581,4038,4085,4089,4092,4092
207,190,249,569,705,614,596,288,533,556,167,51,115,179,112,125,90,448,203,568,194,3972,4084,4089,4092,4092
221,191,248,609,695,642,645,295,579,567,172,59,122,142,110,109,80,500,233,528,175,3922,4082,4090,4092,4092
235,191,248,624,738,691,613,348,549,558,157,46,125,155,89,106,75,408,219,572,222,3843,4079,4090,4092,4092
249,191,249,558,674,653,662,273,511,493,162,41,116,154,115,99,74,404,212,515,207,3752,4074,4090,4092,4092
263,191,248,712,776,671,614,282,571,532,156,45,123,144,82,104,78,482,363,978,293,3686,4069,4089,4092,4092
276,192,247,674,749,665,675,291,529,533,163,41,137,159,100,115,77,446,228,662,211,3536,4062,4089,4092,4092
290,192,247,597,782,680,648,291,501,551,172,46,112,150,79,121,84,386,228,594,254,316,4021,4089,4092,4092
304,191,246,621,744,680,637,274,545,542,176,44,119,157,81,124,78,441,212,562,177,240,4013,4090,4092,4092
318,191,245,596,768,692,649,266,550,557,174,44,118,146,86,142,79,411,242,721,222,273,4004,4089,4092,4092
332,191,244,668,786,696,670,273,526,541,159,40,118,158,90,100,75,482,260,517,189,209,3990,4089,4092,4092
346,192,243,648,797,733,715,291,550,561,191,41,124,161,84,112,75,426,210,516,216,194,3974,4088,4092,4092
359,192,242,628,815,713,669,280,556,557,165,42,124,154,85,108,93,417,225,704,197,195,3953,4087,4092,4092
373,192,242,632,802,722,698,278,570,563,176,42,117,149,87,103,77,416,253,747,183,176,3929,4086,4092,4092
387,193,242,619,809,768,717,283,566,566,182,41,122,160,85,104,78,426,247,523,161,175,3904,4085,4092,4092
401,193,242,578,872,819,713,271,560,588,169,41,121,159,76,106,80,429,229,548,165,175,3862,4083,4092,4092
415,193,242,656,871,796,722,289,573,590,175,43,116,157,85,103,78,440,232,546,208,182,3818,4081,4092,4092
429,194,242,784,889,878,736,276,532,567,171,44,120,147,80,101,76,418,243,517,173,183,3767,4078,4092,4092
442,194,242,907,877,824,755,268,582,626,188,41,123,159,80,106,81,420,278,521,169,185,3721,4076,4092,4092
456,194,242,773,903,854,792,284,599,620,184,42,132,156,83,128,79,425,248,556,163,213,3687,4074,4092,4092
470,194,242,760,938,868,820,282,604,600,185,41,127,156,79,107,87,393,232,529,168,190,3656,4071,4092,4092
484,195,242,815,910,848,811,297,588,596,184,41,120,162,82,102,80,423,218,534,160,208,3600,4069,4092,4092
498,195,243,795,905,885,798,284,592,598,187,41,130,170,80,102,77,442,239,540,162,173,2164,4049,4092,4092
512,195,243,825,927,850,885,289,620,646,177,39,127,161,87,104,82,433,224,538,162,188,881,4033,4092,4092
526,195,243,823,934,930,811,289,643,628,181,43,128,163,86,104,74,451,233,543,167,175,458,4026,4092,4092
539,196,243,871,981,914,934,291,641,644,193,39,126,158,86,102,75,421,211,533,156,180,301,4022,4092,4092
553,196,243,899,930,906,832,296,655,687,197,41,127,153,82,102,77,436,235,549,162,181,244,4019,4092,4092
567,197,243,896,978,887,898,296,691,712,205,39,120,172,79,109,75,431,215,548,150,171,250,4017,4092,4092
581,197,243,965,1019,912,852,291,643,682,206,40,136,163,80,105,75,408,229,539,145,188,228,4013,4092,4092
595,197,243,979,1008,966,915,290,689,722,204,38,133,175,84,103,80,439,230,546,151,179,241,4011,4092,4092
609,197,244,977,1030,966,833,288,702,707,202,38,127,187,77,104,75,429,229,549,167,178,228,4007,4092,4092
622,197,244,1001,1073,911,920,280,708,690,211,39,136,177,86,107,77,441,216,533,168,201,224,4003,4092,4092
636,198,244,1021,1071,982,922,282,695,720,219,40,134,186,81,108,77,415,228,536,159,167,218,3999,4092,4092
650,198,244,985,1061,938,910,294,700,720,205,38,131,200,80,110,79,420,219,533,158,178,211,3994,4092,4092
664,198,246,1015,1142,1017,930,309,706,732,207,37,139,180,84,106,78,450,219,554,162,166,214,3990,4092,4092
678,198,246,1025,1143,993,886,310,698,704,216,38,139,189,96,103,76,426,233,525,152,177,215,3984,4092,4092
692,198,245,1039,1109,991,889,299,739,784,220,38,140,184,79,107,79,440,223,522,158,169,222,3976,4092,4092
706,198,245,1035,1168,1012,966,297,703,727,218,37,147,194,82,106,77,452,216,503,159,185,209,3968,4092,4092
719,199,245,915,1181,1020,964,295,678,729,217,37,145,183,80,108,86,445,219,522,156,179,205,3960,4091,4092
733,199,246,846,1175,1049,957,296,647,738,212,36,135,200,79,106,76,450,215,557,157,175,200,3951,4091,4092
747,199,246,823,1175,996,921,295,698,731,237,38,143,203,79,110,77,463,213,555,165,169,206,3943,4091,4092
761,199,246,811,1227,1054,924,302,697,737,226,38,145,202,80,103,79,451,213,532,151,171,210,3932,4091,4092
775,199,247,807,1237,1067,889,293,633,682,217,37,145,203,80,106,82,469,225,540,163,174,207,3922,4091,4092
789,199,247,849,1208,1084,938,297,712,692,215,37,144,205,82,110,76,452,224,587,161,182,209,3910,4091,4092
802,200,247,945,1236,1050,985,295,688,676,228,37,140,201,79,107,74,445,213,554,149,170,204,3898,4091,4092
816,200,247,977,1294,1091,899,295,658,689,204,36,154,225,81,107,74,477,208,532,158,164,211,3885,4090,4092
830,200,248,964,1265,1026,913,293,715,700,212,36,146,198,77,104,73,496,224,571,158,171,219,3870,4090,4092
844,200,248,981,1296,1006,860,293,710,716,223,36,155,206,77,101,76,455,206,545,148,166,216,3855,4090,4092
858,200,248,958,1304,1032,902,298,676,669,207,37,143,218,79,102,74,462,210,530,150,167,209,3838,4090,4092
872,200,248,975,1326,1030,897,289,649,691,213,38,141,200,82,103,75,472,211,553,155,160,204,3825,4089,4092
885,200,248,992,1335,1016,902,289,670,694,207,38,157,206,79,105,75,480,216,566,150,168,206,3807,4089,4092
899,200,249,943,1310,996,879,287,682,715,213,37,140,214,77,103,72,496,214,571,157,174,214,3789,4089,4092
913,200,249,972,1349,1062,865,285,663,687,207,37,158,197,83,103,78,480,211,534,153,169,199,3773,4089,4092
927,201,248,955,1362,1003,853,289,642,693,210,36,133,202,79,104,76,536,213,560,145,167,204,3754,4088,4092
941,201,248,950,1388,1030,877,288,656,700,206,37,154,208,78,99,74,493,201,550,146,167,204,3737,4088,4092
955,201,247,937,1405,997,866,290,661,645,204,39,149,197,78,103,77,498,205,544,147,161,202,3720,4088,4092
969,201,247,920,1411,1045,882,285,646,660,202,37,148,218,78,103,77,502,212,583,152,163,207,3703,4087,4092
982,202,247,937,1396,1060,846,281,646,664,208,36,139,206,80,103,78,519,199,583,140,162,200,3688,4087,4092
996,202,247,972,1407,1064,876,280,612,657,196,38,140,208,77,102,76,521,209,614,145,163,201,3673,4087,4092
1010,202,248,965,1467,1054,882,283,633,628,194,38,145,188,76,103,73,501,200,587,151,175,214,3656,4086,4092
1024,202,248,981,1521,1075,885,292,641,650,200,37,143,196,76,104,70,474,200,584,146,171,209,3642,4086,4092
1038,202,248,998,1523,1059,864,288,650,634,190,37,144,196,78,105,74,532,205,592,141,155,208,3632,4086,4092
1052,202,249,992,1511,1010,883,281,637,629,198,37,139,201,76,103,75,515,205,580,147,161,204,3622,4086,4092
1065,202,250,1044,1536,1052,889,284,634,649,181,38,135,188,75,103,76,554,205,572,142,160,215,3612,4085,4092
1079,203,250,1071,1518,1027,885,288,634,661,196,38,133,212,76,102,75,543,204,594,143,161,204,3607,4085,4092
1093,203,251,1009,1532,1064,859,284,626,646,195,39,141,189,78,103,74,541,204,587,144,161,212,3594,4085,4092
1107,203,251,956,1566,1057,889,289,631,652,184,38,143,199,78,103,75,538,203,591,144,159,206,3585,4085,4092
1121,203,252,905,1570,1052,876,298,644,636,192,38,141,195,75,102,73,505,204,567,143,161,205,3578,4084,4092
1135,203,253,874,1600,1051,929,286,656,652,191,38,135,192,73,105,77,542,198,583,143,160,204,3568,4084,4092
1149,203,253,906,1604,1104,841,289,666,663,199,39,133,195,76,105,74,510,195,610,142,156,205,3561,4084,4092
1162,203,254,916,1584,1054,861,285,640,678,188,37,134,187,78,103,74,549,202,624,150,160,203,3549,4084,4092
1176,203,254,938,1587,1101,897,294,614,662,192,37,133,185,75,102,73,509,212,618,143,165,207,3533,4083,4092
1190,203,255,913,1552,1128,895,292,659,660,191,38,137,175,76,102,78,527,198,609,150,156,201,3486,4083,4092
1204,203,255,912,1569,1107,905,292,638,648,190,38,138,196,75,102,74,540,208,628,142,158,205,3414,4081,4092
1218,203,255,925,1535,1133,888,288,631,656,199,38,136,189,74,102,76,526,202,607,143,162,198,3211,4078,4092
1232,203,256,948,1580,1136,901,287,642,679,182,38,132,188,75,101,76,543,205,602,146,156,208,2780,4073,4092
1245,204,256,972,1602,1129,893,286,665,681,197,37,132,187,76,101,72,509,202,629,142,167,201,2357,4068,4092
1259,204,256,971,1585,1104,910,289,647,658,209,39,137,179,79,104,76,511,202,617,141,157,202,1881,4063,4092
1273,204,256,997,1601,1128,920,287,649,683,215,39,142,184,78,103,78,481,203,621,143,159,206,1524,4059,4092
1287,204,256,1014,1609,1149,928,290,645,692,218,39,136,178,79,102,76,507,212,627,150,158,204,1174,4056,4092
1301,204,256,1017,1563,1171,961,294,616,673,204,39,135,179,78,104,76,487,199,619,145,156,205,894,4053,4092
1315,204,256,1034,1619,1180,924,296,680,667,197,37,135,184,78,98,76,486,200,642,145,159,207,711,4051,4092
1328,204,256,1082,1585,1117,894,299,619,648,202,38,139,191,79,103,77,481,202,633,144,163,206,637,4050,4092
1342,204,256,1105,1579,1141,899,290,644,675,195,39,135,193,83,106,76,510,200,607,140,152,203,527,4049,4092
1356,204,256,1131,1624,1124,904,290,644,668,196,38,139,190,78,104,79,506,203,640,141,153,201,463,4048,4092
1370,204,257,1077,1665,1130,861,292,656,654,206,39,140,195,81,104,80,564,199,627,142,158,203,415,4047,4092
1384,205,258,1091,1685,1167,867,289,664,664,206,39,145,187,78,107,76,502,202,593,146,154,204,375,4046,4092
1398,205,258,1121,1712,1157,894,286,673,647,204,40,148,192,79,106,80,552,204,586,146,160,202,356,4046,4092
1412,205,258,1085,1720,1223,934,295,672,649,202,38,145,203,79,107,79,498,211,600,151,155,202,335,4045,4092
1425,205,258,1083,1721,1203,887,295,656,681,203,39,138,192,79,103,74,522,205,607,149,155,201,323,4045,4092
1439,205,259,1051,1727,1198,880,290,636,689,205,39,145,187,81,106,77,484,201,630,144,156,203,301,4045,4092
1453,206,259,1042,1686,1184,913,295,638,686,208,38,141,191,81,105,77,490,197,615,146,156,206,299,4045,4092
1467,206,259,1022,1676,1197,902,288,623,682,204,38,142,194,78,104,78,500,199,631,143,157,202,280,4044,4092
1481,206,260,1010,1687,1209,901,289,661,672,198,38,147,197,79,106,74,515,208,608,150,155,203,270,4043,4092
1495,206,260,990,1671,1187,921,292,680,670,198,39,149,197,85,109,77,500,209,632,137,157,204,257,4044,4092
1508,206,260,1009,1692,1179,913,289,643,702,200,40,147,202,81,107,75,482,199,627,141,152,210,252,4043,4092
1522,206,260,998,1650,1128,925,289,640,709,211,40,146,196,84,109,78,490,204,640,140,155,209,236,4043,4092
1536,206,261,982,1634,1191,952,288,652,680,202,39,141,188,82,110,78,505,212,627,142,159,198,230,4043,4092
1550,206,261,975,1665,1230,932,292,657,700,207,39,141,200,81,110,78,475,206,629,136,157,204,219,4042,4092
1564,206,261,961,1726,1244,973,288,651,693,213,39,140,193,83,108,76,510,205,595,140,152,202,209,4042,4092
1578,206,261,965,1760,1231,954,289,649,675,204,39,155,198,80,108,77,499,206,586,143,154,202,201,4042,4092
1591,206,261,944,1758,1232,932,293,650,728,200,40,139,193,79,109,78,514,211,586,141,151,204,198,4042,4092
1605,206,262,945,1730,1219,945,291,632,662,205,39,136,186,77,104,75,506,217,608,145,153,207,197,4041,4092
1619,206,262,924,1780,1173,940,285,642,667,211,39,138,187,81,107,77,514,201,543,142,154,203,187,4041,4092
1633,206,262,939,1797,1237,938,283,645,652,199,39,142,192,80,105,75,484,201,612,149,158,207,185,4041,4092
1647,206,262,939,1787,1240,910,292,649,679,208,39,134,189,77,105,75,523,206,579,142,157,205,181,4041,4092
1661,206,263,932,1747,1246,969,284,673,647,217,38,138,201,79,107,77,474,201,609,144,157,205,169,4040,4092
1675,206,263,934,1759,1250,940,288,642,697,202,38,151,188,78,107,79,486,215,624,145,153,201,166,4040,4092
1688,206,263,931,1772,1249,932,292,675,709,211,38,149,195,81,107,77,501,205,645,140,153,202,160,4040,4092
1702,206,263,923,1736,1341,964,286,658,649,203,39,141,190,81,105,76,511,206,612,149,169,207,157,4040,4092
1716,206,263,909,1764,1333,928,294,697,644,201,38,142,182,78,106,76,489,213,600,146,157,203,154,4039,4092
1730,206,263,915,1749,1303,897,287,626,665,196,37,140,191,79,106,78,489,204,599,146,158,204,150,4039,4092
1744,206,263,925,1779,1317,900,288,652,678,193,38,142,191,78,105,76,493,211,589,143,151,204,148,4039,4092
1758,206,263,918,1806,1313,915,293,657,676,216,39,141,190,80,108,78,507,203,606,143,153,203,141,4039,4092
1771,206,263,906,1821,1319,987,292,652,687,202,39,140,193,80,109,79,504,211,585,143,152,200,142,4039,4092
1785,206,263,914,1840,1305,1014,292,639,685,201,39,143,189,84,109,77,494,207,606,142,154,203,137,4038,4092
1799,206,263,897,1860,1265,961,292,638,666,206,39,142,202,86,108,78,511,204,593,141,152,204,136,4038,4092
1813,206,263,898,1855,1220,1001,291,652,675,214,39,143,194,80,107,75,484,209,612,144,155,202,135,4038,4092
1827,206,263,890,1835,1275,977,300,660,691,216,40,150,191,79,108,82,520,212,581,143,156,209,133,4038,4092
1841,206,264,895,1841,1291,971,299,650,680,200,39,143,199,79,108,79,507,210,612,146,172,203,130,4038,4092
