
DMR Smart Settling


Timestamp, LDR1, LDR2, LDR3, LDR4, LDR5, LDR6, LDR7, LDR8, LDR9, LDR10, LDR11, LDR12, LDR13, LDR14, LDR15, LDR16, LDR17, LDR18, LDR19, LDR20, LDR21, LDR22, LDR23, LDR24, LDR25

0,376,4049,4092,4091,4092,4092,4092,4087,4084,4083,4084,4084,4084,4085,4085,4084,4092,4092,4093,4093,4092,4093,4093,4093,4092
13,500,4049,4092,4092,4092,4092,4092,4090,4088,4088,4088,4088,4088,4088,4088,4087,4092,4092,4093,4093,4092,4093,4093,4093,4093
27,458,4047,4092,4092,4092,4092,4092,4090,4089,4089,4089,4089,4089,4089,4089,4088,4092,4093,4093,4093,4093,4093,4093,4093,4093
41,461,4047,4092,4092,4092,4092,4092,4091,4090,4089,4089,4089,4089,4089,4089,4088,4092,4092,4093,4093,4093,4093,4092,4093,4093
55,468,4045,4092,4092,4092,4092,4092,4091,4090,4089,4089,4089,4089,4089,4090,4089,4092,4093,4093,4093,4093,4093,4093,4093,4092
69,479,4045,4092,4092,4092,4092,4092,4091,4090,4090,4089,4089,4090,4090,4090,4089,4092,4093,4093,4092,4093,4093,4093,4093,4093
83,488,4044,4092,4092,4092,4092,4092,4091,4090,4090,4089,4089,4090,4090,4090,4089,4092,4092,4093,4092,4092,4093,4092,4093,4092
96,498,4043,4092,4092,4092,4092,4092,4091,4090,4090,4089,4089,4090,4090,4090,4089,4092,4092,4092,4093,4093,4093,4093,4093,4092
110,505,4041,4092,4092,4092,4092,4092,4091,4090,4090,4090,4089,4090,4090,4090,4089,4092,4093,4092,4093,4093,4092,4093,4093,4093
124,509,4040,4092,4092,4093,4092,4092,4091,4090,4090,4089,4089,4090,4090,4090,4089,4092,4092,4093,4093,4093,4093,4093,4093,4093
138,515,4038,4092,4092,4092,4092,4092,4091,4090,4090,4089,4089,4090,4090,4090,4089,4092,4092,4092,4093,4093,4092,4093,4093,4092
152,523,4037,4092,4092,4092,4092,4092,4091,4090,4090,4089,4089,4090,4090,4090,4089,4092,4093,4092,4093,4093,4093,4093,4093,4092
166,527,4035,4092,4092,4092,4092,4092,4091,4090,4090,4089,4089,4090,4090,4090,4089,4092,4093,4092,4093,4093,4093,4092,4093,4093
179,531,4033,4092,4092,4093,4092,4092,4091,4090,4090,4089,4089,4090,4090,4090,4089,4093,4093,4092,4093,4092,4093,4092,4093,4092
193,534,4031,4091,4092,4093,4092,4092,4091,4090,4090,4089,4089,4090,4089,4090,4089,4092,4092,4092,4093,4093,4093,4093,4093,4093
207,536,4028,4091,4092,4092,4092,4092,4091,4090,4090,4089,4089,4089,4089,4089,4089,4092,4093,4092,4093,4093,4093,4092,4093,4093
221,537,4024,4091,4092,4092,4092,4092,4091,4090,4090,4090,4089,4090,4090,4090,4089,4092,4092,4092,4092,4092,4093,4093,4093,4093
235,534,4020,4091,4092,4092,4092,4092,4091,4090,4090,4089,4089,4090,4089,4090,4089,4092,4093,4092,4093,4093,4093,4093,4093,4092
249,538,4014,4090,4092,4092,4092,4092,4091,4090,4090,4089,4089,4089,4090,4090,4089,4092,4093,4093,4093,4092,4093,4093,4093,4093
263,539,4010,4090,4092,4092,4092,4092,4091,4090,4090,4089,4089,4089,4090,4090,4089,4093,4092,4093,4093,4093,4092,4092,4093,4093
276,538,4003,4090,4092,4092,4092,4092,4091,4090,4090,4089,4089,4090,4090,4090,4089,4092,4092,4093,4092,4093,4093,4093,4093,4092
290,538,3992,4089,4092,4092,4092,4092,4091,4090,4090,4089,4089,4089,4090,4090,4089,4092,4092,4093,4093,4092,4093,4093,4093,4092
304,539,3976,4089,4092,4092,4092,4092,4091,4090,4090,4089,4089,4089,4090,4090,4089,4092,4093,4092,4093,4092,4093,4093,4093,4092
318,541,3949,4088,4092,4092,4092,4092,4091,4090,4090,4089,4089,4089,4090,4090,4089,4092,4092,4093,4093,4093,4093,4093,4093,4092
332,544,3903,4087,4092,4092,4092,4092,4091,4090,4090,4089,4089,4089,4090,4090,4089,4092,4093,4093,4093,4093,4093,4093,4093,4092
346,544,3707,4084,4092,4092,4092,4092,4091,4090,4089,4089,4089,4089,4090,4090,4089,4092,4092,4092,4093,4093,4093,4093,4093,4092
359,542,2646,4071,4092,4092,4092,4092,4091,4090,4090,4089,4089,4089,4090,4090,4089,4092,4093,4092,4093,4092,4093,4093,4093,4092
373,548,1560,4060,4092,4092,4092,4092,4091,4090,4089,4089,4089,4089,4090,4090,4089,4092,4092,4093,4093,4092,4092,4093,4093,4092
387,548,1109,4055,4092,4092,4092,4092,4091,4090,4089,4089,4089,4089,4089,4089,4089,4092,4092,4092,4093,4093,4093,4093,4093,4092
401,547,1012,4053,4092,4092,4092,4092,4091,4090,4090,4089,4089,4090,4090,4090,4089,4093,4092,4093,4093,4092,4093,4093,4093,4092
415,548,1004,4051,4092,4093,4092,4092,4091,4090,4090,4089,4090,4090,4090,4090,4089,4092,4093,4093,4093,4093,4093,4093,4092,4092
429,550,1018,4050,4092,4093,4092,4092,4091,4090,4090,4090,4090,4090,4090,4090,4089,4092,4092,4092,4093,4092,4093,4093,4093,4093
442,551,1006,4048,4092,4092,4092,4092,4091,4091,4090,4090,4090,4090,4090,4090,4090,4092,4092,4093,4093,4092,4093,4093,4093,4093
456,550,1001,4045,4092,4092,4092,4092,4091,4090,4090,4090,4090,4090,4090,4090,4089,4092,4092,4092,4092,4093,4093,4093,4093,4093
470,551,1003,4041,4092,4093,4092,4092,4091,4090,4089,4089,4089,4089,4089,4089,4089,4092,4093,4092,4093,4092,4093,4093,4093,4092
484,553,1029,4039,4092,4092,4092,4092,4091,4090,4090,4089,4089,4089,4089,4089,4089,4092,4092,4092,4092,4092,4093,4093,4093,4093
498,553,1042,4036,4092,4092,4092,4092,4091,4090,4090,4089,4089,4089,4090,4090,4089,4092,4093,4092,4093,4092,4093,4093,4093,4092
512,553,1070,4031,4092,4092,4092,4092,4091,4090,4089,4089,4089,4089,4090,4090,4089,4092,4092,4093,4093,4093,4093,4093,4093,4092
525,555,1095,4025,4091,4092,4092,4092,4091,4090,4090,4089,4089,4089,4090,4090,4089,4092,4093,4093,4093,4093,4092,4093,4093,4092
539,554,1120,4018,4091,4092,4092,4092,4092,4090,4089,4089,4089,4089,4089,4089,4089,4092,4093,4092,4093,4092,4093,4093,4093,4092
553,555,1131,4010,4090,4092,4092,4092,4091,4090,4090,4089,4089,4089,4089,4089,4089,4092,4092,4092,4093,4093,4093,4093,4093,4092
567,556,1152,3999,4090,4092,4092,4092,4092,4090,4090,4089,4089,4089,4090,4090,4089,4092,4092,4093,4093,4093,4093,4093,4093,4093
581,554,1203,3985,4089,4092,4092,4092,4092,4090,4090,4089,4089,4089,4090,4090,4089,4092,4092,4093,4092,4092,4093,4092,4093,4093
595,555,1232,3965,4089,4092,4092,4092,4092,4090,4090,4089,4089,4090,4090,4090,4089,4092,4092,4092,4093,4092,4092,4093,4093,4092
609,554,1267,3942,4088,4092,4092,4092,4092,4090,4090,4090,4090,4090,4090,4090,4089,4093,4093,4092,4093,4092,4092,4093,4093,4093
622,557,1300,3917,4087,4092,4092,4092,4092,4091,4090,4090,4090,4090,4090,4090,4090,4092,4093,4093,4093,4092,4092,4093,4093,4092
636,556,1300,2727,4072,4092,4092,4092,4092,4091,4091,4091,4091,4091,4091,4091,4090,4092,4093,4093,4093,4093,4092,4093,4093,4092
650,557,1312,1067,4055,4092,4092,4092,4092,4091,4091,4091,4091,4091,4091,4091,4091,4093,4092,4092,4093,4093,4093,4093,4093,4092
664,556,1349,1021,4054,4092,4092,4092,4092,4091,4091,4091,4091,4091,4091,4091,4091,4092,4093,4092,4093,4092,4093,4093,4093,4093
678,557,1375,891,4050,4092,4092,4092,4092,4091,4091,4091,4091,4091,4091,4091,4090,4092,4093,4092,4093,4093,4093,4093,4093,4092
692,556,1391,838,4047,4092,4092,4092,4092,4091,4090,4090,4090,4091,4090,4090,4090,4092,4093,4092,4093,4092,4093,4093,4093,4092
705,557,1395,778,4043,4092,4092,4092,4092,4091,4090,4090,4090,4090,4090,4090,4089,4092,4093,4092,4093,4093,4093,4093,4093,4092
719,556,1387,758,4039,4092,4092,4092,4092,4091,4090,4090,4090,4090,4090,4090,4089,4092,4093,4092,4093,4092,4093,4093,4093,4092
733,556,1389,705,4033,4092,4092,4092,4092,4091,4090,4090,4090,4090,4090,4090,4089,4092,4092,4092,4093,4093,4093,4093,4093,4092
747,556,1386,720,4027,4092,4092,4092,4092,4090,4090,4090,4090,4090,4090,4090,4089,4092,4093,4092,4093,4093,4092,4093,4093,4093
761,555,1376,705,4020,4091,4092,4092,4092,4090,4090,4090,4090,4090,4090,4090,4089,4092,4093,4093,4093,4093,4093,4093,4093,4092
775,558,1358,689,4011,4091,4092,4092,4092,4091,4090,4090,4090,4090,4090,4090,4089,4092,4092,4092,4093,4093,4093,4093,4093,4093
788,556,1362,687,3998,4090,4092,4092,4092,4090,4090,4090,4090,4090,4090,4090,4089,4092,4093,4093,4093,4092,4093,4093,4093,4092
802,556,1359,706,3980,4089,4092,4092,4092,4090,4090,4090,4090,4090,4090,4090,4089,4092,4092,4092,4093,4092,4093,4093,4093,4093
816,558,1365,710,3951,4088,4092,4092,4092,4090,4090,4090,4090,4090,4090,4090,4089,4092,4093,4092,4093,4092,4093,4093,4093,4092
830,558,1396,721,3900,4086,4092,4092,4092,4090,4090,4090,4089,4090,4090,4090,4089,4092,4092,4093,4093,4092,4093,4093,4093,4092
844,556,1428,731,3652,4081,4092,4092,4092,4090,4090,4090,4089,4090,4089,4090,4089,4093,4092,4093,4093,4092,4093,4093,4093,4092
858,556,1503,716,1073,4048,4092,4092,4092,4090,4090,4089,4089,4090,4089,4090,4089,4092,4093,4092,4093,4093,4093,4093,4093,4092
871,557,1553,703,950,4044,4092,4092,4092,4090,4090,4089,4089,4089,4089,4089,4089,4092,4092,4092,4093,4093,4093,4092,4093,4093
885,556,1584,694,1325,4045,4092,4092,4092,4090,4089,4089,4089,4089,4089,4089,4089,4092,4092,4092,4092,4093,4093,4093,4093,4092
899,557,1635,695,1334,4039,4092,4092,4091,4090,4090,4089,4089,4090,4089,4089,4089,4092,4092,4093,4093,4092,4093,4093,4093,4092
913,557,1660,659,1289,4030,4092,4092,4091,4090,4089,4089,4089,4089,4089,4089,4089,4092,4093,4093,4093,4092,4093,4093,4093,4092
927,557,1670,650,1294,4017,4091,4092,4091,4090,4089,4089,4089,4089,4089,4089,4089,4092,4092,4092,4093,4093,4093,4093,4093,4093
941,559,1676,633,1330,4000,4090,4092,4091,4090,4089,4089,4089,4089,4089,4089,4089,4092,4092,4092,4093,4092,4092,4093,4093,4092
955,556,1688,597,1272,3972,4089,4092,4092,4090,4090,4090,4089,4090,4090,4090,4089,4092,4093,4093,4093,4092,4093,4093,4093,4093
968,557,1703,595,1257,3933,4087,4092,4091,4090,4090,4090,4089,4090,4090,4090,4089,4092,4092,4092,4093,4092,4092,4093,4093,4093
982,558,1710,596,1243,3867,4085,4092,4092,4090,4090,4090,4090,4090,4090,4090,4089,4092,4092,4092,4093,4093,4093,4093,4093,4093
996,557,1715,623,1177,3603,4080,4092,4092,4090,4090,4090,4090,4090,4090,4090,4090,4092,4092,4092,4093,4093,4093,4093,4093,4093
1010,558,1728,650,1144,1132,4049,4092,4092,4090,4090,4090,4090,4090,4090,4090,4090,4092,4093,4092,4092,4093,4093,4093,4093,4092
1024,558,1732,700,1106,789,4044,4092,4091,4090,4090,4090,4090,4090,4090,4090,4090,4092,4092,4092,4093,4093,4093,4093,4093,4093
1038,559,1747,716,1023,1137,4046,4092,4092,4090,4090,4090,4090,4090,4090,4090,4089,4092,4092,4093,4093,4092,4093,4093,4093,4092
1051,558,1756,715,990,1181,4041,4092,4092,4090,4090,4090,4090,4090,4090,4090,4089,4092,4092,4092,4093,4093,4093,4093,4093,4092
1065,559,1749,728,973,1185,4035,4092,4092,4091,4090,4090,4090,4090,4090,4090,4089,4092,4093,4092,4093,4093,4093,4093,4093,4092
1079,559,1763,721,933,1179,4025,4092,4092,4091,4090,4090,4090,4090,4090,4090,4090,4092,4092,4093,4093,4092,4093,4093,4093,4093
1093,558,1766,730,928,1155,4012,4091,4091,4091,4090,4090,4090,4090,4090,4090,4090,4092,4092,4092,4093,4092,4093,4093,4093,4092
1107,558,1772,716,981,1154,3994,4090,4092,4091,4090,4090,4090,4090,4090,4090,4090,4092,4092,4093,4093,4092,4093,4093,4093,4093
1121,559,1783,700,1043,1155,3968,4089,4091,4091,4090,4090,4090,4090,4090,4090,4090,4092,4093,4092,4093,4093,4093,4093,4093,4092
1134,561,1787,698,1034,1114,3932,4088,4091,4091,4090,4090,4090,4090,4091,4090,4090,4092,4093,4092,4092,4092,4093,4093,4093,4092
1148,558,1797,700,991,1027,3863,4086,4091,4091,4090,4090,4090,4090,4091,4091,4090,4092,4093,4093,4093,4092,4093,4092,4093,4093
1162,560,1799,700,1028,993,3215,4076,4091,4091,4090,4090,4090,4090,4091,4090,4090,4092,4092,4093,4093,4093,4093,4093,4093,4092
1176,557,1798,698,1051,925,889,4047,4091,4091,4090,4090,4091,4090,4091,4090,4090,4092,4092,4093,4093,4092,4092,4093,4093,4093
1190,559,1787,714,1081,884,773,4042,4091,4091,4090,4090,4090,4090,4091,4091,4090,4092,4092,4092,4093,4092,4093,4093,4093,4092
1204,559,1790,722,1141,928,1250,4041,4090,4091,4091,4091,4091,4090,4091,4091,4090,4092,4093,4093,4093,4092,4093,4093,4093,4092
1217,559,1796,761,1178,909,1284,4031,4090,4091,4091,4091,4091,4091,4091,4091,4090,4092,4092,4092,4093,4092,4093,4093,4093,4092
1231,557,1780,783,1182,947,1273,4015,4089,4091,4091,4091,4091,4091,4091,4091,4090,4092,4092,4093,4093,4092,4092,4093,4093,4092
1245,559,1795,807,1237,963,1247,3986,4087,4091,4091,4091,4091,4091,4091,4091,4090,4092,4093,4093,4093,4093,4093,4093,4093,4092
1259,560,1794,845,1287,978,1158,3940,4086,4091,4090,4090,4090,4091,4091,4091,4090,4092,4092,4093,4093,4092,4093,4092,4093,4093
1273,561,1806,860,1346,978,1042,3834,4083,4091,4090,4090,4090,4091,4090,4091,4090,4092,4092,4093,4093,4092,4093,4093,4093,4093
1287,560,1807,882,1341,994,949,1421,4054,4091,4090,4091,4090,4090,4091,4091,4090,4092,4093,4092,4093,4092,4092,4092,4093,4093
1301,561,1825,891,1369,965,870,470,4043,4091,4090,4090,4090,4090,4090,4090,4090,4092,4092,4092,4093,4092,4093,4092,4093,4092
1314,561,1829,891,1367,1019,928,271,4039,4090,4090,4090,4090,4090,4090,4090,4090,4092,4092,4092,4093,4092,4092,4093,4093,4093
1328,561,1834,902,1384,1056,1009,280,4037,4090,4089,4089,4089,4090,4089,4090,4089,4092,4093,4092,4093,4092,4093,4093,4093,4092
1342,559,1832,910,1403,1064,1017,281,4034,4089,4089,4089,4089,4089,4089,4089,4089,4093,4092,4093,4093,4093,4093,4093,4093,4092
1356,560,1837,938,1402,1099,1002,282,4031,4089,4088,4088,4088,4088,4088,4088,4088,4092,4092,4093,4092,4093,4093,4093,4093,4093
1370,561,1836,943,1416,1103,1052,274,4026,4088,4088,4087,4088,4088,4088,4088,4087,4092,4093,4092,4093,4092,4093,4093,4093,4093
1384,559,1836,951,1457,1087,997,269,4018,4087,4087,4087,4087,4087,4087,4087,4087,4093,4092,4092,4093,4092,4092,4093,4093,4093
1397,561,1830,961,1441,1141,1041,268,4009,4087,4087,4087,4087,4087,4087,4087,4086,4092,4093,4093,4093,4093,4093,4092,4093,4092
1411,560,1873,976,1448,1144,1055,271,3992,4086,4086,4086,4086,4085,4086,4086,4085,4092,4092,4093,4093,4092,4093,4093,4093,4093
1425,561,1880,982,1471,1123,1090,268,3960,4084,4084,4084,4084,4084,4084,4084,4084,4092,4092,4092,4092,4093,4093,4092,4093,4092
1439,562,1887,980,1431,1145,1097,268,3920,4082,4083,4083,4082,4083,4083,4082,4082,4092,4093,4093,4093,4092,4093,4093,4093,4092
1453,561,1894,1010,1461,1155,1157,269,3781,4078,4081,4080,4080,4080,4080,4080,4080,4092,4093,4092,4093,4093,4093,4092,4093,4092
1467,561,1891,1011,1480,1169,1162,275,2318,4056,4077,4077,4077,4077,4077,4077,4076,4092,4092,4092,4093,4093,4093,4093,4093,4092
1480,560,1893,1002,1484,1164,1168,271,641,4035,4072,4073,4073,4073,4073,4073,4073,4092,4093,4092,4093,4092,4093,4093,4093,4093
1494,560,1905,1011,1481,1159,1184,273,655,4032,4069,4069,4069,4069,4069,4069,4068,4092,4092,4093,4093,4092,4093,4093,4093,4092
1508,561,1904,992,1480,1183,1143,275,858,4030,4064,4064,4063,4064,4063,4063,4063,4092,4092,4092,4093,4092,4093,4093,4093,4093
1522,559,1906,1011,1483,1183,1148,275,869,4024,4058,4058,4057,4057,4057,4057,4056,4092,4092,4093,4093,4093,4093,4092,4093,4092
1536,563,1913,1017,1488,1201,1170,278,875,4017,4049,4050,4049,4049,4049,4048,4048,4092,4092,4093,4093,4092,4093,4093,4093,4093
1550,561,1913,1017,1487,1217,1202,279,784,4005,4039,4039,4038,4038,4038,4037,4036,4092,4092,4093,4093,4093,4093,4093,4093,4093
1564,561,1929,1013,1486,1210,1207,280,777,3989,4023,4023,4022,4021,4020,4019,4018,4092,4092,4093,4093,4093,4093,4093,4093,4092
1577,562,1944,1010,1477,1232,1164,280,730,3963,3996,3995,3993,3992,3990,3989,3987,4092,4093,4092,4093,4092,4092,4093,4093,4092
1591,562,1942,1014,1487,1230,1219,278,674,3916,3949,3947,3946,3944,3942,3939,3937,4091,4092,4092,4093,4093,4093,4092,4093,4093
1605,570,1935,1022,1479,1227,1223,278,699,3848,3883,3882,3880,3877,3875,3872,3869,4090,4093,4093,4092,4093,4093,4093,4093,4092
1619,562,1934,1020,1497,1236,1251,280,764,3764,3808,3809,3807,3805,3803,3801,3798,4089,4092,4092,4093,4093,4093,4093,4093,4092
1633,561,1938,992,1515,1263,1244,281,775,2665,3625,3735,3742,3743,3743,3743,3742,4089,4092,4093,4093,4092,4093,4093,4093,4092
1647,560,1949,1008,1385,1249,1274,282,784,1509,3496,3687,3700,3704,3705,3706,3706,4088,4092,4092,4093,4092,4093,4093,4093,4093
1660,560,1951,1024,1508,1238,1280,283,807,1141,3446,3666,3680,3686,3689,3690,3692,4088,4092,4092,4093,4092,4093,4093,4093,4092
1674,562,1942,1022,1512,1261,1268,282,821,1139,3433,3658,3673,3679,3682,3684,3684,4088,4092,4092,4093,4092,4093,4093,4093,4092
1688,560,1960,1018,1499,1250,1282,283,835,1144,3433,3655,3670,3676,3679,3681,3682,4088,4093,4092,4092,4092,4093,4093,4093,4092
1702,562,1971,991,1495,1262,1286,282,839,1081,3421,3651,3667,3673,3676,3678,3679,4088,4093,4092,4092,4093,4093,4093,4093,4092
1716,562,1976,1023,1513,1273,1306,283,835,943,3401,3647,3663,3670,3673,3674,3675,4088,4092,4093,4093,4092,4093,4093,4093,4093
1730,561,1975,1022,1521,1269,1277,283,842,832,3379,3640,3658,3664,3668,3670,3671,4088,4092,4092,4093,4092,4093,4093,4093,4093
1743,560,1985,1027,1524,1271,1291,284,862,785,3363,3633,3651,3658,3661,3663,3664,4088,4092,4092,4093,4093,4093,4093,4093,4093
1757,562,1989,1037,1539,1265,1284,283,865,818,3353,3625,3643,3649,3653,3654,3655,4088,4093,4093,4093,4092,4093,4093,4093,4093
1771,562,1994,1031,1546,1268,1304,286,872,927,3338,3612,3631,3637,3640,3641,3641,4087,4093,4092,4092,4093,4093,4093,4093,4092
1785,562,2004,1033,1525,1272,1286,284,881,994,3285,3589,3612,3618,3620,3621,3622,4087,4093,4092,4093,4092,4093,4093,4093,4092
1799,562,2006,1016,1528,1279,1260,284,875,1034,3098,3547,3591,3597,3599,3600,3601,4087,4093,4093,4093,4092,4093,4093,4093,4093
1813,562,2008,1043,1548,1283,1280,285,867,1043,2636,3486,3569,3577,3580,3581,3581,4087,4092,4092,4093,4092,4093,4093,4093,4093
1826,562,2000,1044,1535,1283,1277,283,868,1039,2342,3446,3554,3563,3566,3568,3569,4086,4092,4092,4093,4092,4092,4093,4093,4093
1840,563,2013,1049,1524,1295,1299,282,878,944,791,3362,3545,3556,3560,3562,3562,4086,4092,4093,4093,4093,4093,4092,4093,4092
1854,563,2010,1044,1532,1290,1288,283,881,1041,341,3342,3538,3548,3552,3553,3553,4086,4092,4092,4092,4092,4093,4093,4093,4093
1868,562,2024,1051,1548,1291,1279,283,880,1071,410,3348,3528,3538,3541,3543,3543,4086,4092,4093,4092,4092,4093,4093,4093,4092
1882,563,2023,1031,1424,1284,1288,279,874,1068,466,3345,3523,3532,3536,3537,3538,4086,4092,4093,4093,4092,4093,4093,4093,4092
1896,564,2029,1047,1566,1292,1288,286,866,1079,403,3336,3520,3530,3533,3535,3535,4086,4092,4092,4093,4092,4093,4093,4093,4092
1910,563,2024,1038,1564,1302,1322,281,855,1060,369,3329,3517,3527,3530,3532,3532,4086,4093,4093,4093,4092,4093,4092,4093,4093
1923,562,2033,1049,1564,1265,1293,271,841,1074,339,3320,3514,3525,3530,3532,3532,4086,4092,4093,4093,4092,4093,4093,4093,4092
1937,564,2033,1048,1558,1325,1302,273,823,1010,305,3309,3508,3518,3521,3522,3522,4086,4092,4092,4093,4093,4093,4093,4093,4093
1951,562,2031,1019,1574,1312,1290,272,813,1034,330,3298,3499,3510,3513,3514,3515,4086,4093,4092,4092,4092,4093,4093,4093,4092
1965,561,2036,1046,1568,1318,1266,272,786,996,399,3294,3496,3504,3506,3507,3509,4086,4092,4092,4093,4092,4093,4093,4093,4093
1979,560,2048,1074,1575,1290,1277,270,727,961,429,3271,3480,3491,3494,3495,3496,4085,4092,4093,4092,4093,4093,4093,4093,4092
1993,562,2051,1079,1568,1313,1283,270,728,975,456,3291,3505,3499,3488,3489,3492,4085,4092,4093,4093,4092,4093,4093,4093,4092
2006,562,2056,1085,1524,1328,1281,275,728,963,462,3231,3475,3491,3500,3507,3522,4086,4092,4093,4093,4092,4092,4093,4093,4092
0,141,341,410,4030,4090,4091,4091,4086,4074,4073,4072,4072,4072,4073,4073,4070,4092,4092,4092,4093,4092,4092,4092,4093,4091
13,168,236,471,4023,4089,4091,4092,4088,4076,4075,4074,4073,4074,4075,4075,4072,4092,4092,4092,4093,4092,4092,4092,4093,4092
27,206,244,487,4014,4088,4091,4092,4088,4076,4075,4074,4074,4074,4075,4075,4073,4092,4092,4092,4092,4092,4092,4092,4093,4092
41,214,245,554,4000,4086,4091,4092,4088,4076,4075,4074,4073,4074,4075,4075,4072,4092,4092,4092,4093,4092,4092,4092,4093,4092
55,200,235,583,3983,4083,4091,4092,4088,4076,4074,4073,4073,4073,4074,4075,4072,4092,4092,4092,4093,4093,4092,4092,4093,4092
69,199,228,601,3921,4078,4090,4091,4088,4076,4074,4073,4073,4074,4074,4075,4072,4092,4092,4092,4093,4092,4092,4093,4093,4092
83,200,226,617,2268,4048,4089,4091,4089,4076,4074,4073,4073,4074,4074,4075,4072,4092,4092,4092,4093,4093,4093,4093,4093,4092
96,200,224,633,568,4013,4088,4090,4089,4075,4073,4072,4072,4072,4073,4073,4071,4092,4092,4093,4093,4092,4093,4093,4093,4092
110,200,218,646,595,3983,4085,4090,4089,4074,4072,4071,4071,4072,4073,4073,4071,4092,4092,4092,4093,4092,4092,4093,4093,4092
124,201,214,662,577,3873,4080,4088,4089,4076,4075,4073,4074,4074,4076,4076,4074,4092,4093,4092,4093,4092,4093,4093,4093,4092
138,200,211,682,565,553,4032,4088,4088,4077,4075,4074,4075,4075,4076,4076,4075,4092,4092,4092,4093,4092,4093,4093,4093,4092
152,199,210,696,573,530,3967,4084,4087,4077,4075,4074,4074,4075,4076,4076,4075,4092,4092,4092,4092,4092,4092,4092,4093,4092
166,199,208,709,581,512,526,4019,4085,4078,4077,4076,4076,4077,4077,4077,4076,4092,4092,4092,4093,4092,4093,4093,4093,4092
179,199,207,716,538,529,522,3806,4077,4077,4076,4075,4076,4076,4077,4077,4075,4092,4092,4092,4093,4092,4092,4092,4093,4092
193,199,207,724,601,538,522,245,4002,4071,4069,4068,4068,4068,4068,4067,4065,4092,4092,4093,4093,4092,4092,4092,4093,4092
207,197,206,732,617,542,530,251,3427,4045,4052,4051,4049,4048,4046,4045,4041,4092,4092,4092,4093,4092,4093,4093,4093,4093
221,197,204,738,637,556,524,250,596,3920,3958,3955,3950,3944,3939,3933,3926,4091,4092,4092,4093,4093,4093,4093,4093,4092
235,196,202,748,636,560,527,242,461,3670,3741,3740,3732,3724,3717,3712,3706,4088,4092,4093,4093,4092,4093,4093,4093,4093
249,195,202,753,658,579,543,245,496,683,3343,3617,3638,3647,3652,3654,3655,4088,4093,4092,4093,4092,4093,4093,4093,4092
262,195,200,763,653,588,547,241,473,601,3256,3582,3606,3611,3613,3613,3611,4087,4092,4092,4093,4092,4093,4093,4093,4093
276,194,198,770,652,586,555,245,458,585,2073,3387,3519,3529,3531,3532,3532,4086,4093,4093,4092,4093,4093,4092,4093,4092
290,194,196,775,666,606,563,245,462,596,218,3280,3489,3500,3504,3505,3505,4086,4092,4093,4093,4092,4093,4093,4093,4092
304,194,194,779,688,622,557,246,454,564,247,3246,3466,3478,3481,3481,3478,4085,4092,4093,4093,4092,4093,4093,4093,4092
318,196,194,787,683,631,566,246,458,537,242,3056,3372,3393,3394,3392,3388,4084,4093,4093,4092,4093,4093,4093,4093,4093
332,193,194,792,719,622,567,245,475,539,224,1521,3194,3314,3320,3322,3322,4083,4092,4093,4092,4092,4093,4093,4093,4093
346,195,194,799,730,647,576,246,479,548,193,43,3094,3290,3297,3300,3300,4083,4092,4093,4093,4093,4093,4093,4093,4092
359,196,200,799,737,664,584,243,480,549,175,43,3076,3276,3284,3286,3286,4083,4093,4092,4093,4092,4093,4093,4093,4092
373,194,191,801,732,640,591,245,481,549,175,44,3010,3239,3248,3249,3247,4082,4092,4092,4093,4093,4092,4093,4093,4092
387,191,189,808,764,658,599,248,483,547,172,43,2799,3168,3194,3196,3195,4081,4092,4092,4093,4092,4093,4093,4093,4093
401,191,184,810,786,664,586,247,489,549,182,42,1360,3043,3155,3161,3162,4081,4093,4093,4092,4093,4093,4093,4093,4092
415,192,178,815,775,686,600,247,492,561,179,44,184,2974,3141,3149,3151,4081,4092,4092,4092,4092,4092,4093,4093,4092
429,193,176,817,804,712,626,247,500,569,188,48,163,2958,3136,3143,3145,4081,4092,4092,4093,4092,4093,4093,4093,4093
442,194,177,820,802,717,646,246,497,573,192,46,177,2929,3120,3128,3129,4080,4093,4093,4093,4093,4093,4092,4093,4092
456,194,178,820,803,714,642,250,501,588,190,45,173,2889,3113,3123,3124,4080,4092,4093,4093,4092,4093,4093,4093,4092
470,194,178,823,817,739,665,250,505,586,191,43,155,2648,3033,3059,3060,4079,4092,4092,4093,4092,4093,4093,4093,4092
484,194,179,826,828,736,666,252,508,584,190,43,128,1942,2940,3014,3018,4079,4093,4092,4093,4092,4092,4093,4092,4093
498,194,182,828,858,769,695,253,517,572,188,42,128,219,2860,3001,3005,4079,4092,4093,4093,4092,4093,4093,4093,4092
512,194,185,828,844,773,700,257,523,566,189,42,135,195,2850,2997,3001,4079,4092,4093,4093,4092,4093,4093,4093,4092
525,194,188,830,851,763,712,255,534,576,200,42,136,192,2842,2992,2996,4079,4092,4092,4093,4092,4093,4093,4093,4092
539,194,190,833,849,782,727,255,545,595,197,42,140,168,2827,2987,2991,4078,4093,4093,4093,4092,4093,4093,4093,4093
553,194,192,830,878,807,752,260,544,598,197,42,136,177,2807,2976,2982,4078,4092,4092,4093,4093,4092,4093,4093,4093
567,194,194,832,885,809,756,260,555,601,192,42,134,184,2767,2958,2966,4078,4092,4092,4093,4092,4093,4093,4093,4092
581,194,196,833,885,810,759,261,570,613,192,41,135,179,2656,2924,2940,4078,4093,4092,4093,4092,4092,4093,4093,4092
595,194,198,832,894,818,749,262,580,612,194,41,136,169,2340,2879,2919,4078,4092,4092,4093,4092,4093,4093,4093,4092
609,194,201,835,880,819,767,265,586,630,197,43,136,171,927,2819,2915,4077,4092,4092,4093,4093,4093,4093,4093,4093
622,193,202,836,930,844,758,265,601,634,198,43,136,174,87,2802,2921,4077,4092,4093,4093,4092,4093,4093,4093,4092
636,193,204,833,918,856,772,266,613,653,196,42,136,171,86,2807,2921,4077,4093,4092,4092,4092,4092,4093,4093,4092
650,193,206,835,918,856,796,264,625,665,205,42,131,172,88,2805,2920,4077,4093,4093,4093,4092,4093,4092,4093,4093
664,193,207,838,927,858,827,268,639,664,210,42,132,176,86,2799,2918,4077,4092,4092,4092,4092,4093,4093,4093,4092
678,193,209,839,942,859,801,266,634,673,213,42,129,177,88,2790,2914,4077,4092,4093,4093,4092,4093,4093,4093,4092
692,192,211,840,951,871,798,264,642,693,219,41,132,170,87,2776,2908,4077,4092,4092,4092,4092,4093,4092,4093,4093
705,192,212,842,975,870,802,268,653,686,220,40,131,170,87,2752,2899,4077,4093,4092,4093,4093,4093,4093,4093,4092
719,192,214,840,971,843,824,266,650,691,224,40,131,165,88,2703,2882,4077,4092,4092,4093,4092,4093,4093,4093,4093
733,192,215,842,974,829,842,270,638,718,231,40,134,167,87,2544,2856,4077,4092,4092,4093,4092,4093,4093,4092,4093
747,192,216,841,1020,846,839,265,651,705,232,40,139,166,85,2161,2822,4076,4093,4092,4093,4092,4093,4093,4093,4093
761,192,217,842,1016,856,857,266,657,718,231,40,140,168,85,227,2746,4076,4092,4093,4093,4093,4093,4093,4093,4093
775,192,218,840,1026,864,835,268,641,720,236,39,144,171,85,134,2744,4076,4092,4093,4093,4092,4093,4093,4093,4093
788,192,218,845,1030,884,844,267,649,720,234,39,143,172,85,119,2743,4076,4092,4092,4092,4092,4093,4093,4093,4092
802,192,219,844,999,894,884,267,649,725,237,40,147,178,85,116,2742,4076,4092,4092,4093,4092,4093,4093,4093,4092
816,192,220,846,1022,923,894,272,632,732,238,40,147,185,83,112,2740,4076,4092,4092,4093,4093,4093,4092,4093,4092
830,192,221,846,1009,941,893,275,663,737,235,40,152,186,83,113,2736,4076,4092,4092,4093,4092,4093,4093,4093,4092
844,192,221,846,1067,951,900,275,664,739,241,39,149,187,84,114,2732,4076,4093,4093,4093,4093,4093,4092,4093,4092
858,192,222,846,1061,963,897,273,659,720,245,39,152,191,84,112,2724,4076,4093,4092,4093,4093,4093,4093,4093,4093
871,192,222,847,1072,1002,880,274,673,697,247,39,152,193,85,113,2712,4076,4093,4092,4093,4093,4093,4093,4093,4093
885,192,223,846,1074,993,883,268,659,718,241,39,154,192,84,113,2691,4075,4092,4092,4093,4093,4093,4093,4093,4092
899,192,224,844,1080,993,864,268,634,712,252,39,153,191,85,113,2664,4075,4092,4093,4093,4093,4092,4093,4093,4092
913,192,224,840,1109,1007,889,272,641,722,250,39,157,192,84,112,2629,4074,4093,4093,4093,4092,4093,4093,4093,4093
927,192,224,844,1098,1031,880,277,634,707,243,39,154,192,84,113,2550,4073,4092,4092,4093,4092,4093,4093,4093,4092
941,192,225,845,1115,1024,901,274,641,694,231,39,160,196,84,111,2440,4072,4092,4092,4093,4092,4093,4093,4093,4093
955,192,225,844,1107,1025,895,274,652,665,244,38,153,195,82,109,2337,4070,4093,4092,4093,4092,4092,4092,4093,4092
968,192,226,844,1127,1005,890,274,660,692,238,39,154,191,82,108,2054,4066,4092,4093,4093,4093,4092,4093,4093,4092
982,192,226,840,1125,1030,927,269,670,707,247,38,152,196,82,107,846,4050,4092,4092,4093,4092,4093,4093,4093,4092
996,192,227,843,1143,1049,923,270,681,726,245,38,148,201,83,109,116,4042,4093,4092,4093,4093,4092,4093,4093,4092
1010,192,227,843,1161,1040,941,277,675,739,243,38,154,193,81,107,74,4040,4092,4092,4093,4092,4093,4093,4093,4092
1024,193,228,844,1183,1018,951,277,674,731,235,38,153,193,83,107,81,4040,4093,4092,4093,4092,4093,4093,4093,4093
1038,193,228,849,1179,1030,965,278,659,734,221,38,151,192,82,108,81,4039,4092,4093,4093,4093,4092,4092,4093,4092
1051,193,228,840,1177,1043,982,276,658,709,233,38,152,191,81,107,81,4038,4092,4092,4093,4093,4093,4093,4093,4093
1065,193,228,844,1181,1057,966,275,662,708,238,38,150,192,82,108,82,4037,4092,4093,4093,4092,4093,4093,4093,4093
1079,193,229,844,1209,1058,994,277,675,729,239,38,151,193,82,107,81,4035,4092,4092,4093,4093,4093,4092,4093,4092
1093,193,229,840,1208,1075,1018,274,679,722,226,38,149,199,81,108,80,4033,4092,4092,4093,4092,4093,4093,4092,4093
1107,193,229,842,1219,1050,1006,277,696,726,234,38,152,196,82,110,81,4031,4092,4093,4093,4092,4093,4093,4093,4093
1121,193,229,843,1214,1064,998,277,675,745,233,39,150,191,82,108,79,4027,4092,4093,4092,4093,4093,4092,4093,4093
1134,193,230,843,1197,1072,985,280,657,746,231,38,151,192,82,110,79,4023,4092,4092,4093,4092,4093,4093,4093,4092
1148,193,230,842,1222,1097,1024,275,671,741,234,38,155,190,82,110,80,4018,4092,4092,4093,4093,4093,4093,4093,4092
1162,193,230,846,1232,1081,1057,276,674,734,241,39,152,196,81,110,80,4011,4092,4093,4093,4092,4093,4093,4093,4092
1176,193,230,844,1260,1104,1095,276,679,722,239,38,157,192,82,110,80,4001,4092,4093,4092,4092,4093,4093,4093,4092
1190,193,231,845,1289,1106,1118,275,668,721,239,38,151,195,80,110,80,3988,4092,4093,4093,4092,4093,4093,4093,4092
1204,193,231,844,1282,1104,1108,274,658,724,251,38,145,202,82,110,79,3972,4092,4092,4093,4092,4093,4093,4093,4092
1218,193,231,841,1296,1120,1082,274,657,718,245,38,145,197,83,109,80,3949,4092,4092,4093,4092,4093,4093,4092,4092
1231,193,232,842,1306,1134,1093,272,647,699,234,38,143,199,81,109,79,3920,4091,4092,4093,4093,4093,4093,4093,4092
1245,193,232,842,1323,1130,1055,275,639,703,234,38,147,193,82,109,80,3888,4091,4092,4092,4092,4093,4093,4093,4092
1259,193,232,843,1329,1152,1060,273,617,697,228,38,150,191,83,110,80,3580,4086,4092,4092,4092,4092,4093,4093,4092
1273,193,232,838,1348,1182,1046,276,615,671,223,38,150,191,82,110,79,1970,4068,4092,4093,4092,4092,4092,4093,4092
1287,193,232,838,1362,1198,1030,279,608,667,231,38,150,194,83,110,79,919,4057,4092,4093,4092,4092,4092,4093,4092
1301,193,233,839,1377,1205,1043,280,615,637,225,38,155,191,82,109,79,642,4053,4092,4092,4092,4092,4092,4093,4092
1314,193,233,839,1387,1203,1068,277,621,651,232,38,155,196,83,109,80,521,4052,4092,4092,4092,4092,4092,4092,4092
1328,193,233,840,1384,1203,1080,277,618,663,226,38,153,195,81,111,79,469,4051,4092,4092,4092,4092,4092,4092,4092
1342,203,233,839,1389,1212,1093,277,615,654,219,38,147,193,81,111,81,434,4050,4092,4092,4092,4092,4092,4092,4092
1356,193,284,718,1386,1222,1119,277,613,663,208,38,144,196,81,110,79,414,4049,4092,4092,4092,4092,4092,4093,4092
1370,192,276,750,1401,1227,1147,280,627,642,201,38,143,197,82,110,80,406,4048,4092,4092,4092,4092,4092,4092,4092
1384,192,267,768,1417,1232,1152,283,617,622,207,38,147,196,81,110,80,413,4048,4092,4092,4092,4092,4092,4093,4092
1397,191,262,777,1432,1254,1150,281,620,629,208,38,152,201,81,110,80,416,4047,4092,4092,4092,4092,4092,4093,4092
1411,191,254,783,1435,1260,1167,281,605,624,209,38,154,195,81,110,80,426,4046,4092,4092,4092,4092,4092,4092,4092
1425,191,251,791,1440,1259,1172,283,590,616,212,39,155,191,82,111,80,430,4044,4092,4092,4092,4092,4093,4092,4092
1439,191,248,789,1459,1261,1182,281,586,609,210,39,160,192,83,110,81,431,4043,4092,4092,4092,4092,4092,4093,4092
1453,191,246,795,1460,1243,1194,286,586,598,211,39,161,194,83,111,80,434,4042,4092,4092,4092,4092,4092,4093,4092
1467,191,244,794,1495,1246,1211,283,585,603,207,39,156,194,82,111,80,441,4039,4092,4092,4092,4092,4092,4092,4092
1480,191,243,804,1486,1257,1199,285,594,601,201,39,154,195,81,111,80,440,4035,4092,4092,4092,4092,4092,4092,4092
1494,191,243,806,1479,1273,1222,284,588,611,202,39,150,203,81,111,80,443,4032,4092,4092,4092,4092,4092,4093,4092
1508,191,243,817,1488,1283,1252,283,601,616,197,39,142,199,82,110,79,439,4028,4092,4092,4092,4092,4092,4093,4092
1522,191,240,812,1517,1239,1246,284,601,620,195,39,143,199,82,110,82,446,4024,4092,4092,4092,4092,4092,4092,4092
1536,191,239,819,1522,1223,1235,283,596,618,192,39,142,198,83,112,81,443,4020,4092,4092,4092,4092,4092,4093,4092
1550,191,239,820,1521,1224,1272,280,567,608,194,39,139,192,82,110,80,444,4014,4092,4092,4092,4092,4092,4092,4092
1564,191,239,824,1542,1234,1241,281,571,612,191,39,138,195,81,109,81,441,4007,4092,4092,4092,4092,4092,4092,4092
1577,191,239,824,1545,1237,1252,282,573,600,195,39,141,191,82,111,80,442,3998,4092,4092,4092,4092,4092,4092,4092
1591,192,239,823,1567,1227,1253,286,570,599,196,39,137,183,83,111,80,441,3987,4092,4092,4092,4093,4092,4092,4092
1605,192,239,824,1567,1260,1237,286,576,602,200,40,141,181,84,114,83,450,3977,4092,4093,4092,4092,4092,4093,4092
1619,192,239,817,1585,1264,1249,281,571,619,208,42,148,183,84,114,82,461,3956,4092,4092,4092,4092,4092,4093,4092
1633,192,239,817,1588,1272,1243,276,579,609,200,41,140,177,83,113,82,470,3939,4091,4092,4092,4092,4092,4092,4092
1647,192,239,819,1598,1279,1247,273,577,596,201,40,144,173,81,110,81,460,3915,4091,4092,4092,4092,4092,4092,4092
1660,193,238,824,1596,1285,1251,275,578,609,193,40,142,173,83,111,81,467,3898,4091,4092,4092,4092,4092,4092,4092
1674,193,239,823,1589,1293,1280,276,578,610,191,40,139,175,83,110,81,457,3877,4091,4092,4092,4092,4092,4092,4092
1688,193,238,824,1618,1309,1272,276,578,603,190,40,137,176,82,109,81,482,3851,4090,4092,4092,4092,4092,4093,4092
1702,193,238,823,1623,1317,1238,274,573,611,194,40,136,177,83,111,81,484,3795,4089,4092,4092,4092,4092,4093,4092
1716,193,238,823,1640,1331,1251,274,590,603,194,40,136,181,83,111,81,482,3514,4086,4092,4092,4092,4092,4093,4092
1730,194,237,822,1660,1350,1261,276,597,605,192,40,136,182,82,110,79,491,1792,4066,4092,4092,4092,4092,4093,4092
1743,194,237,825,1666,1389,1253,275,601,605,193,40,134,179,83,110,81,489,643,4055,4092,4092,4092,4092,4092,4092
1757,194,236,827,1687,1374,1229,276,600,606,194,40,136,177,81,110,80,486,321,4051,4092,4092,4092,4092,4093,4092
1771,194,235,826,1692,1360,1240,276,614,614,195,40,138,177,81,109,80,483,217,4049,4092,4092,4092,4092,4093,4092
1785,195,234,830,1703,1377,1234,278,596,621,198,40,138,175,83,109,81,476,181,4047,4092,4092,4092,4092,4092,4092
0,166,229,745,4014,4082,4087,4088,4084,4057,4054,4047,4043,4041,4042,4042,4034,4089,4088,4091,4091,4090,4088,4088,4091,4086
13,158,237,940,4008,4075,4085,4086,4083,4039,4034,4030,4030,4030,4032,4033,4026,4088,4087,4090,4090,4090,4089,4088,4092,4089
27,173,237,942,3964,4064,4082,4084,4082,4036,4030,4025,4024,4022,4024,4024,4013,4087,4086,4088,4089,4088,4087,4088,4092,4091
41,174,238,991,1958,3974,4070,4078,4079,4024,4017,4013,4014,4012,4016,4018,4009,4086,4086,4089,4089,4089,4089,4090,4092,4092
55,171,233,1023,795,1442,3980,4066,4077,4023,4015,4009,4010,4005,4008,4012,4006,4087,4088,4090,4091,4091,4090,4091,4093,4092
69,182,233,1073,608,832,1003,3949,4064,4008,3998,3989,3990,3986,3992,3992,3984,4086,4087,4090,4091,4092,4091,4092,4093,4092
83,194,235,1103,615,854,839,611,3324,3912,3910,3917,3914,3916,3921,3917,3904,4087,4088,4091,4092,4092,4092,4092,4093,4092
96,194,240,1136,611,632,538,395,508,2911,3566,3648,3661,3660,3657,3653,3639,4084,4090,4092,4092,4093,4093,4093,4093,4092
110,191,243,1156,596,575,534,303,465,1038,406,3082,3374,3413,3424,3421,3407,4082,4090,4092,4092,4092,4092,4093,4093,4093
124,189,246,1173,588,568,532,305,512,480,187,197,2705,3116,3179,3182,3173,4079,4091,4092,4093,4093,4093,4092,4093,4093
138,189,244,1190,668,550,540,466,587,512,169,136,315,2536,2957,3007,3007,4078,4092,4092,4092,4092,4092,4093,4093,4092
152,188,241,1201,583,541,527,276,548,634,171,52,124,213,2579,2894,2919,4076,4092,4092,4092,4092,4093,4093,4093,4092
166,186,241,1217,598,547,578,277,523,562,273,53,122,148,137,2725,2883,4076,4092,4092,4093,4093,4093,4093,4093,4092
179,185,243,1237,554,636,525,313,697,490,159,109,125,147,89,195,2724,4074,4092,4093,4093,4092,4093,4092,4093,4092
193,184,243,1250,675,546,590,264,483,503,161,60,164,145,90,114,2628,4071,4092,4092,4093,4092,4093,4092,4093,4092
207,183,243,1266,666,576,645,266,474,484,149,89,241,138,96,115,2207,4063,4092,4092,4093,4092,4093,4093,4093,4092
221,183,243,1272,605,603,535,266,477,498,156,58,151,143,92,129,208,4030,4092,4092,4093,4092,4093,4092,4093,4092
235,183,244,1281,597,556,532,273,480,490,159,66,116,141,93,160,95,4015,4092,4092,4093,4092,4093,4092,4093,4093
249,183,244,1291,590,556,545,265,518,483,153,63,119,143,135,115,95,3970,4091,4092,4093,4093,4092,4092,4093,4092
263,183,244,1297,829,568,545,258,470,496,158,51,117,143,96,118,87,3855,4087,4092,4092,4092,4092,4092,4093,4092
276,183,244,1307,605,571,542,261,472,489,157,52,116,176,102,114,94,1745,4060,4092,4092,4092,4092,4092,4092,4092
290,183,245,1321,620,572,544,256,483,489,162,51,113,153,98,115,97,603,4043,4092,4092,4092,4092,4092,4093,4092
304,183,245,1330,622,574,553,260,473,496,160,80,115,141,96,123,86,445,4032,4092,4092,4092,4092,4092,4093,4092
318,183,245,1338,630,582,547,272,473,505,157,54,116,143,101,203,81,371,4013,4092,4092,4092,4092,4092,4092,4092
332,183,246,1337,640,588,554,255,572,495,159,53,115,148,96,118,81,364,3968,4092,4092,4092,4092,4092,4092,4092
346,183,245,1345,638,579,560,256,434,530,159,52,115,148,104,110,84,369,3902,4091,4092,4092,4092,4092,4093,4092
359,183,246,1350,639,594,555,264,477,506,160,53,116,142,100,112,90,390,3835,4090,4092,4092,4092,4092,4092,4092
373,182,246,1355,644,588,564,259,481,500,159,51,116,150,96,112,85,561,3708,4088,4092,4092,4092,4092,4092,4092
387,185,246,1366,650,601,565,257,478,497,158,51,118,141,98,112,93,367,2256,4069,4092,4092,4092,4092,4092,4092
401,186,246,1369,693,612,569,261,475,503,157,52,115,135,95,112,83,366,848,4054,4092,4092,4092,4092,4092,4092
415,185,245,1370,671,605,583,256,481,496,158,48,116,144,96,115,85,366,277,4047,4092,4092,4092,4092,4092,4092
429,185,245,1383,660,608,588,257,481,500,159,50,115,143,100,116,85,371,212,4044,4092,4092,4092,4093,4093,4092
442,184,245,1383,668,605,594,252,479,509,158,50,116,142,97,113,91,373,225,4041,4092,4092,4092,4092,4093,4092
456,184,245,1387,667,621,598,252,479,501,157,50,114,144,94,120,91,389,222,4035,4092,4092,4092,4092,4092,4092
470,184,244,1390,678,640,595,253,494,499,160,50,114,142,96,113,90,361,230,4024,4092,4092,4092,4092,4092,4092
484,183,244,1389,677,646,605,256,496,501,154,51,114,142,93,113,91,363,224,4008,4092,4092,4092,4092,4092,4092
498,183,244,1388,680,649,615,256,495,511,156,49,117,146,98,111,89,364,228,3988,4092,4092,4092,4092,4093,4092
512,183,244,1392,701,656,619,254,496,516,157,47,115,144,96,111,87,377,224,3964,4092,4092,4092,4092,4093,4092
526,183,244,1393,721,656,627,255,503,524,160,48,116,139,94,112,86,365,227,3941,4091,4092,4092,4092,4092,4092
539,182,244,1390,704,673,628,253,496,530,158,49,117,141,93,110,88,376,236,3919,4091,4092,4092,4092,4093,4092
553,182,244,1393,704,660,620,250,501,533,164,48,116,143,91,111,87,370,239,3866,4090,4092,4092,4092,4092,4092
567,182,244,1397,720,649,647,252,510,540,166,48,116,144,93,111,88,370,233,3653,4087,4092,4092,4092,4092,4092
581,182,244,1401,723,650,660,255,526,550,167,49,117,145,91,112,87,366,236,2819,4076,4092,4092,4092,4093,4092
595,182,244,1407,753,648,643,254,516,547,168,47,117,146,90,111,87,366,225,1675,4064,4092,4092,4092,4092,4092
609,182,244,1403,767,651,658,256,544,551,169,47,116,145,92,111,86,364,228,959,4056,4092,4092,4092,4093,4092
622,182,244,1413,762,659,648,257,519,551,172,46,116,146,93,109,87,365,219,596,4051,4092,4092,4092,4092,4092
636,182,244,1417,754,661,651,255,523,551,176,47,119,145,95,112,84,365,208,498,4049,4092,4092,4092,4093,4092
650,182,243,1417,772,673,673,256,517,551,174,46,120,144,95,109,86,365,220,477,4048,4092,4092,4092,4092,4092
664,182,243,1413,769,681,648,259,516,552,173,45,121,144,94,111,89,365,225,474,4047,4092,4092,4092,4092,4092
678,182,243,1417,727,681,653,261,514,563,176,45,120,147,91,113,85,364,218,477,4046,4092,4092,4092,4093,4092
692,182,243,1418,802,703,647,259,522,555,174,44,119,150,92,115,86,366,213,475,4043,4092,4092,4092,4092,4092
706,182,243,1423,815,684,642,261,520,557,174,44,121,151,91,110,88,371,210,495,4039,4092,4092,4092,4092,4092
719,182,242,1433,809,695,664,257,552,567,173,44,122,150,91,109,86,380,205,488,4035,4092,4092,4092,4092,4092
733,182,242,1432,814,700,659,254,530,567,170,44,123,149,90,109,86,375,205,476,4027,4092,4092,4092,4092,4092
747,182,242,1430,858,705,684,255,526,559,168,45,125,151,89,108,87,367,206,477,4016,4092,4092,4092,4092,4092
761,182,242,1447,858,702,668,256,530,569,174,46,123,152,90,109,85,372,205,474,4002,4092,4092,4092,4092,4092
775,182,242,1440,850,713,653,253,528,570,175,45,125,151,91,109,83,386,206,475,3986,4092,4092,4092,4092,4092
789,182,241,1438,831,726,660,252,527,570,175,44,125,153,90,108,82,368,216,646,3968,4092,4092,4092,4092,4092
802,182,241,1438,820,748,647,252,532,566,178,45,124,157,89,107,84,372,218,482,3949,4092,4092,4092,4093,4092
816,181,241,1464,829,734,643,249,518,559,177,45,121,156,88,109,85,369,220,483,3928,4091,4092,4092,4093,4092
830,181,241,1459,837,748,655,253,520,558,176,44,123,158,88,107,84,370,216,485,3913,4091,4092,4092,4092,4092
844,181,241,1459,831,739,645,255,517,557,176,45,124,162,86,109,84,371,211,484,3898,4091,4092,4093,4092,4092
858,181,240,1468,845,735,640,254,512,536,175,45,122,158,87,109,83,372,208,480,3882,4091,4092,4092,4093,4092
872,181,240,1464,853,723,637,253,496,531,177,45,124,159,88,108,84,372,208,485,3857,4090,4092,4092,4092,4092
885,180,240,1470,850,743,643,256,494,535,178,44,121,158,88,108,82,369,204,490,3788,4089,4092,4092,4092,4092
899,180,240,1470,876,736,630,252,501,533,171,44,124,156,88,109,83,375,208,490,3573,4086,4092,4092,4092,4092
913,180,240,1477,880,714,629,253,509,534,167,44,126,158,88,107,86,383,208,492,3025,4080,4092,4092,4092,4092
927,180,239,1476,885,705,624,254,507,536,166,44,125,157,87,108,84,380,208,493,1858,4067,4092,4092,4092,4092
941,180,239,1477,876,699,611,249,508,530,169,45,126,156,90,109,84,380,205,486,728,4055,4092,4092,4093,4092
955,180,239,1481,860,694,610,249,504,538,167,45,126,158,86,109,84,382,209,489,417,4052,4092,4092,4092,4092
969,179,239,1453,862,692,619,247,499,525,171,45,124,160,88,108,84,378,209,491,309,4050,4092,4092,4092,4092
982,179,239,1453,874,712,606,248,492,529,171,46,123,161,89,109,85,380,204,491,269,4049,4092,4092,4092,4092
996,179,238,1440,893,720,606,251,507,540,170,46,122,160,99,110,86,387,211,485,219,4048,4092,4092,4093,4092
1010,179,238,1442,898,746,603,246,497,535,166,46,121,162,89,109,84,382,204,489,183,4048,4092,4092,4092,4092
1024,179,238,1443,868,749,602,250,500,517,166,45,123,156,92,109,83,384,209,481,167,4047,4092,4092,4092,4092
1038,179,238,1442,854,752,608,248,500,510,167,44,119,157,89,108,83,385,209,490,159,4047,4092,4092,4092,4092
1052,179,238,1441,869,707,605,250,498,507,166,45,120,156,88,107,83,388,206,485,159,4047,4092,4092,4092,4092
1065,179,238,1441,892,735,607,254,490,517,165,44,119,154,87,108,83,391,211,486,164,4046,4092,4092,4093,4092
1079,179,238,1445,905,748,608,252,499,513,163,45,119,152,90,107,83,380,214,488,163,4046,4092,4092,4092,4092
1093,179,238,1448,904,730,612,250,496,515,167,45,123,150,88,109,82,380,209,488,164,4046,4092,4092,4092,4092
1107,179,238,1448,903,738,609,254,494,508,165,45,121,150,89,107,84,380,206,493,157,4045,4092,4092,4093,4092
1121,179,238,1453,926,728,620,251,495,508,162,46,123,151,87,109,83,426,210,488,159,4045,4092,4092,4093,4092
1135,179,238,1455,928,733,633,254,493,510,164,47,121,154,88,110,83,373,206,489,161,4045,4092,4092,4092,4092
1149,179,238,1459,923,745,621,254,493,511,163,47,124,156,87,108,83,381,203,483,158,4044,4092,4092,4092,4092
1162,179,238,1464,927,737,618,252,489,513,166,46,120,159,86,107,83,380,206,495,156,4043,4092,4092,4092,4092
1176,179,238,1467,943,747,611,253,492,511,163,47,119,271,88,107,82,380,205,491,157,4042,4092,4092,4092,4092
1190,179,237,1462,927,761,622,251,494,510,162,47,120,153,87,107,83,383,204,483,160,4041,4092,4092,4092,4092
1204,179,237,1464,935,765,626,256,493,514,164,45,123,154,91,108,84,385,203,493,159,4040,4092,4092,4092,4092
1218,179,237,1471,952,757,637,254,491,527,167,46,121,153,87,110,84,386,205,496,159,4039,4092,4092,4092,4092
1232,179,237,1475,964,767,618,253,489,522,167,47,123,150,89,107,83,378,207,489,155,4036,4092,4092,4092,4092
1245,179,238,1474,969,763,614,255,493,522,170,46,125,148,87,108,82,378,204,487,153,4034,4092,4092,4092,4092
1259,178,238,1482,955,766,602,253,493,519,165,47,122,153,87,107,83,383,202,493,154,4031,4092,4092,4092,4092
1273,178,238,1478,964,760,609,252,500,511,165,47,123,148,90,108,84,375,206,484,152,4028,4092,4092,4092,4092
1287,178,238,1483,976,753,608,252,499,505,167,47,121,151,90,109,85,387,202,484,151,4024,4092,4092,4093,4092
1301,178,237,1481,992,751,601,250,494,513,167,48,121,151,94,110,84,380,204,487,154,4018,4092,4092,4092,4092
1315,178,237,1488,985,756,600,250,498,517,164,48,119,153,90,108,84,387,202,490,159,4012,4092,4092,4092,4092
1328,178,237,1492,975,761,600,254,496,525,164,47,120,152,90,110,83,388,201,496,160,4004,4092,4092,4092,4092
1342,178,237,1492,966,761,610,254,504,519,164,47,120,150,88,109,83,390,204,497,165,3996,4092,4092,4092,4092
1356,178,237,1494,993,763,617,253,491,517,164,48,119,149,89,109,82,382,202,498,165,3986,4092,4092,4093,4092
1370,178,237,1497,983,757,629,254,500,521,165,49,120,152,88,108,83,379,199,493,161,3977,4092,4092,4092,4092
1384,178,237,1499,999,756,616,254,500,527,162,49,119,151,89,107,83,381,198,496,161,3968,4092,4092,4092,4092
1398,178,237,1497,1007,757,611,255,501,514,165,48,120,149,88,107,83,379,196,497,157,3958,4092,4092,4092,4092
1412,178,237,1499,1020,756,607,255,499,511,165,48,118,150,89,108,87,376,197,497,156,3948,4092,4092,4092,4092
1425,178,237,1465,1020,767,611,253,494,521,166,49,121,150,88,108,85,381,196,498,157,3938,4092,4092,4092,4092
1439,178,237,1478,1022,758,612,254,488,522,165,49,122,149,89,108,83,379,200,492,161,3931,4092,4092,4092,4092
1453,178,237,1485,1024,751,606,253,495,519,168,48,119,151,91,107,82,377,199,504,159,3925,4091,4092,4092,4092
1467,178,237,1494,1014,765,612,255,496,522,166,48,119,149,91,107,83,374,198,498,161,3916,4091,4092,4092,4092
1481,178,237,1503,1028,783,623,254,494,523,164,47,120,151,92,109,83,373,200,487,155,3908,4091,4092,4092,4092
1495,178,237,1499,1032,797,628,256,500,528,171,49,124,159,94,111,85,371,199,503,157,3916,4091,4092,4092,4092
1508,178,237,1509,1035,791,643,255,500,525,169,49,125,160,94,113,90,382,200,497,157,3909,4091,4092,4093,4092
1522,178,237,1512,1047,804,643,255,501,533,170,49,122,151,95,110,86,387,199,489,163,3885,4091,4092,4092,4092
1536,178,237,1517,1026,824,644,254,491,525,170,49,121,150,93,111,85,386,200,495,158,3864,4091,4092,4092,4092
1550,177,237,1518,1040,834,640,251,499,532,166,47,121,151,94,111,85,382,208,500,161,3805,4090,4092,4093,4092
1564,178,237,1514,1069,830,651,255,498,531,168,48,121,152,90,110,83,379,203,501,156,3645,4088,4092,4093,4092
1578,177,237,1506,1068,826,659,255,501,523,167,48,121,151,93,112,84,380,206,486,161,3153,4082,4092,4092,4092
1592,177,237,1520,1063,845,653,255,492,522,167,49,120,151,91,111,86,374,201,496,160,2163,4071,4092,4092,4092
1605,177,237,1510,1063,854,655,253,496,533,173,49,121,153,92,113,88,373,200,501,155,1274,4062,4092,4092,4092
1619,177,237,1525,1084,863,638,253,496,531,171,49,123,155,92,113,86,377,203,503,154,762,4057,4092,4092,4092
1633,177,237,1523,1073,868,627,252,496,531,172,49,125,154,92,113,88,369,206,504,155,515,4054,4092,4093,4092
1647,177,237,1515,1075,864,634,253,503,522,164,47,121,150,91,109,88,376,207,505,156,367,4052,4092,4093,4092
1661,177,237,1520,1077,870,631,253,499,531,173,49,124,152,94,112,88,368,207,512,155,292,4051,4092,4093,4092
1675,177,237,1527,1096,870,635,249,496,534,171,49,124,152,94,111,88,371,209,504,157,225,4050,4092,4092,4092
1688,177,237,1526,1119,877,627,251,500,529,169,48,122,151,92,109,84,368,212,511,156,190,4049,4092,4092,4092
1702,177,237,1525,1137,879,632,248,497,532,174,49,123,156,94,114,88,374,205,503,155,172,4049,4092,4093,4092
1716,177,237,1525,1134,879,636,254,506,533,170,50,125,155,96,115,87,371,208,501,157,166,4048,4092,4093,4092
1730,177,237,1525,1128,884,630,253,498,537,171,49,126,155,98,114,88,377,206,496,159,161,4048,4092,4092,4092
1744,177,237,1538,1137,890,618,252,492,525,167,49,123,150,92,111,84,378,204,509,156,163,4048,4092,4092,4092
1758,177,237,1530,1131,883,630,253,497,536,183,50,127,156,98,115,88,377,207,501,155,159,4048,4092,4093,4092
1771,177,237,1535,1146,886,629,253,496,527,172,49,125,151,93,114,88,368,206,504,162,158,4048,4092,4092,4092
1785,177,237,1531,1155,890,634,252,496,533,168,50,125,157,94,114,89,370,202,498,160,157,4047,4092,4092,4092
1799,177,237,1533,1158,886,637,248,501,535,176,50,125,153,93,110,88,373,206,499,158,159,4047,4092,4092,4092
1813,177,237,1539,1168,888,631,250,512,531,173,51,126,161,96,117,89,372,205,504,159,162,4047,4092,4093,4092
1827,177,237,1543,1178,906,634,249,503,533,172,50,126,162,95,114,89,382,203,504,159,166,4047,4092,4093,4092
1841,177,237,1543,1186,912,641,252,508,530,170,50,127,159,96,116,88,379,213,499,157,160,4047,4092,4092,4092
1855,177,237,1543,1203,888,633,248,495,531,167,49,126,163,95,118,90,375,211,500,157,165,4047,4092,4092,4092
1868,177,237,1541,1204,892,638,250,509,536,173,50,126,157,96,114,89,376,211,499,155,164,4047,4092,4092,4092
