
DMR Smart Settling


Timestamp, LDR1, LDR2, LDR3, LDR4, LDR5, LDR6, LDR7, LDR8, LDR9, LDR10, LDR11, LDR12, LDR13, LDR14, LDR15, LDR16, LDR17, LDR18, LDR19, LDR20, LDR21, LDR22, LDR23, LDR24, LDR25

0,1145,4059,4085,4082,4083,4084,4084,4080,4011,3997,3987,3985,3984,3987,3988,3975,4084,4082,4087,4087,4085,4083,4082,4088,4084
13,1103,4054,4087,4086,4088,4088,4088,4084,4057,4055,4054,4056,4058,4061,4066,4067,4092,4092,4093,4093,4092,4090,4089,4092,4089
27,1328,4055,4084,4083,4084,4084,4083,4080,4014,4007,4001,4000,4000,4003,4004,3996,4087,4085,4089,4089,4088,4087,4085,4090,4086
41,1487,4055,4083,4082,4082,4083,4082,4079,4001,3994,3988,3989,4001,4014,4019,4013,4087,4086,4090,4090,4091,4090,4090,4092,4091
55,1455,4056,4087,4087,4089,4089,4089,4086,4061,4057,4053,4053,4054,4056,4060,4059,4092,4091,4092,4092,4090,4088,4087,4091,4088
69,1536,4053,4083,4082,4083,4083,4082,4079,4005,3997,3990,3990,3990,3994,3995,3984,4084,4083,4088,4088,4086,4084,4083,4089,4087
83,1537,4052,4082,4081,4081,4082,4081,4078,3995,3987,3981,3982,3981,3986,3988,3977,4084,4082,4088,4087,4085,4084,4085,4090,4089
96,1549,4054,4085,4083,4083,4083,4082,4079,4003,3996,3990,3991,3990,3995,3996,3986,4084,4083,4088,4088,4086,4085,4083,4089,4088
110,1621,4051,4082,4082,4082,4083,4082,4079,4000,3993,3987,3987,3987,3992,3994,3984,4084,4083,4088,4087,4086,4084,4083,4089,4088
124,1704,4052,4082,4082,4083,4083,4082,4079,4004,3997,3991,3992,3991,3995,3996,3986,4084,4083,4088,4087,4086,4084,4083,4089,4088
138,1807,4050,4082,4082,4082,4083,4081,4079,4000,3994,3988,3989,3988,3992,3993,3984,4084,4083,4088,4088,4086,4085,4084,4090,4089
152,1912,4051,4083,4083,4083,4084,4083,4080,4008,4001,3996,3997,3997,4001,4003,3994,4085,4083,4089,4088,4087,4085,4084,4090,4089
166,1928,4050,4083,4083,4084,4084,4083,4080,4009,4002,3997,3998,3997,4002,4003,3995,4085,4084,4089,4088,4086,4085,4084,4090,4089
179,1913,4047,4082,4083,4084,4084,4083,4080,4010,4003,3998,3998,3998,4002,4003,3995,4085,4084,4089,4088,4086,4085,4084,4090,4090
193,2012,4045,4082,4083,4083,4084,4083,4080,4007,4000,3994,3994,3993,3997,3999,3989,4085,4083,4089,4088,4086,4085,4084,4090,4090
207,2073,4042,4082,4083,4084,4084,4083,4080,4010,4004,3999,3999,3999,4003,4004,3996,4085,4084,4089,4088,4087,4086,4085,4091,4090
221,2125,4037,4081,4083,4084,4084,4083,4080,4009,4002,3996,3995,3993,3998,3999,3990,4085,4083,4088,4088,4086,4085,4084,4091,4090
235,2084,4026,4080,4083,4084,4084,4083,4080,4010,4004,3999,3999,3999,4003,4005,3997,4085,4084,4089,4088,4087,4086,4085,4091,4090
249,2103,3999,4080,4083,4084,4084,4083,4080,4010,4004,3999,3999,3998,4002,4003,3994,4085,4084,4089,4088,4086,4085,4085,4091,4090
263,2098,3946,4077,4082,4082,4083,4081,4079,3999,3993,3988,3989,3990,3995,3997,3986,4084,4083,4088,4088,4086,4085,4085,4091,4090
276,2131,3874,4076,4082,4083,4084,4082,4079,4003,3995,3988,3987,3985,3990,3991,3982,4084,4082,4088,4087,4086,4085,4085,4091,4090
290,2098,3730,4074,4082,4083,4084,4083,4080,4009,4003,3998,3998,3998,4009,4027,4039,4091,4090,4092,4092,4092,4092,4092,4093,4092
304,2065,2905,4068,4086,4087,4087,4085,4082,4023,4015,4007,4005,4004,4007,4007,3998,4085,4084,4088,4088,4086,4085,4084,4091,4090
318,2156,1777,4049,4078,4079,4080,4078,4076,3979,3970,3962,3962,3961,3967,3968,3957,4082,4079,4086,4086,4084,4083,4083,4090,4090
332,2167,1223,4042,4077,4078,4080,4078,4076,3976,3967,3960,3961,3961,3968,3971,3962,4082,4080,4087,4087,4085,4084,4084,4091,4090
346,2151,1025,4044,4080,4082,4083,4081,4079,4000,3993,3986,3985,3983,3985,3984,3971,4083,4081,4087,4086,4085,4084,4084,4091,4091
359,2158,927,4040,4078,4081,4082,4080,4078,3993,3986,3980,3979,3976,3978,3978,3965,4082,4080,4087,4086,4084,4084,4084,4091,4090
373,2151,947,4039,4077,4080,4081,4079,4077,3980,3970,3962,3962,3968,3984,3987,3967,4083,4081,4087,4087,4086,4086,4086,4092,4091
387,2150,1002,4036,4076,4081,4082,4081,4077,3983,3971,3964,3965,3973,3979,3981,3972,4084,4082,4088,4087,4085,4085,4085,4091,4091
401,2144,1023,4039,4078,4081,4081,4080,4078,3991,3983,3977,3978,3978,3984,3987,3977,4084,4082,4088,4087,4086,4085,4086,4092,4091
415,2152,1032,4040,4080,4083,4084,4082,4080,4007,4001,3996,3996,3996,4001,4007,4010,4088,4086,4089,4089,4088,4088,4089,4092,4092
429,2157,1019,4041,4081,4084,4084,4083,4081,4014,4008,4003,4002,4002,4007,4008,3999,4086,4085,4089,4089,4088,4087,4088,4092,4092
442,2152,1014,4039,4081,4084,4085,4084,4081,4015,4007,4001,4005,4026,4036,4030,4024,4089,4088,4090,4089,4089,4088,4088,4092,4092
456,2152,1007,4038,4082,4085,4085,4084,4082,4030,4026,4023,4023,4023,4026,4027,4020,4088,4087,4090,4090,4090,4089,4089,4092,4092
470,2151,1032,4037,4082,4085,4085,4084,4081,4022,4016,4012,4011,4011,4015,4016,4008,4087,4086,4089,4089,4088,4088,4088,4092,4092
484,2148,1052,4036,4082,4085,4085,4084,4081,4019,4012,4008,4007,4007,4011,4012,4003,4086,4086,4089,4089,4088,4088,4088,4092,4092
498,2153,1057,4032,4081,4085,4085,4084,4081,4023,4017,4013,4013,4013,4016,4017,4010,4087,4086,4089,4089,4089,4088,4089,4092,4092
512,2157,1078,4030,4081,4085,4086,4084,4081,4024,4019,4015,4015,4016,4019,4020,4012,4087,4086,4090,4090,4089,4088,4089,4093,4092
525,2171,1089,4027,4081,4085,4086,4084,4082,4026,4021,4017,4017,4017,4021,4023,4016,4087,4087,4090,4090,4089,4089,4090,4093,4092
539,2178,1112,4021,4081,4085,4086,4085,4082,4030,4024,4021,4021,4021,4025,4026,4018,4087,4087,4090,4090,4089,4089,4090,4092,4092
553,2179,1127,4017,4081,4086,4087,4085,4082,4032,4028,4025,4025,4025,4029,4030,4023,4088,4087,4090,4090,4090,4089,4090,4093,4092
567,2186,1137,4011,4081,4086,4087,4086,4083,4034,4030,4027,4027,4027,4030,4031,4025,4088,4087,4090,4090,4090,4089,4090,4093,4092
581,2195,1165,4004,4081,4086,4087,4086,4083,4036,4032,4028,4028,4028,4031,4032,4026,4088,4087,4090,4090,4090,4089,4090,4093,4093
595,2203,1165,3993,4080,4086,4087,4086,4083,4037,4033,4030,4030,4031,4034,4034,4028,4088,4087,4090,4090,4090,4089,4090,4093,4093
609,2206,1163,3982,4081,4086,4088,4087,4084,4041,4037,4033,4033,4033,4035,4036,4031,4089,4088,4091,4091,4090,4090,4091,4093,4092
622,2222,1181,3977,4082,4089,4090,4089,4085,4047,4041,4038,4039,4039,4040,4041,4035,4089,4088,4091,4091,4091,4090,4091,4093,4093
636,2220,1196,3959,4080,4087,4088,4087,4084,4045,4041,4038,4038,4038,4041,4042,4036,4089,4088,4091,4091,4091,4090,4091,4093,4092
650,2231,1205,3358,4073,4087,4088,4088,4085,4048,4044,4042,4042,4042,4044,4045,4039,4090,4089,4091,4091,4091,4090,4091,4093,4092
664,2229,1201,1843,4058,4087,4088,4088,4085,4048,4045,4042,4042,4042,4045,4046,4040,4090,4089,4091,4091,4091,4091,4092,4093,4092
678,2230,1213,1140,4051,4087,4088,4088,4085,4049,4046,4043,4041,4040,4042,4042,4037,4090,4088,4091,4091,4091,4090,4091,4093,4093
692,2233,1235,1113,4049,4086,4088,4087,4084,4045,4041,4039,4041,4049,4059,4063,4054,4090,4089,4091,4092,4091,4091,4092,4093,4092
705,2239,1271,1102,4049,4087,4088,4088,4085,4049,4045,4042,4041,4041,4044,4044,4038,4090,4088,4091,4091,4091,4091,4092,4093,4093
719,2244,1295,943,4046,4086,4088,4088,4085,4048,4045,4043,4043,4042,4045,4046,4040,4090,4089,4091,4091,4091,4091,4092,4093,4092
733,2251,1328,700,4043,4086,4088,4088,4085,4049,4045,4043,4043,4042,4045,4046,4040,4090,4089,4091,4091,4091,4091,4092,4093,4093
747,2251,1381,585,4040,4086,4088,4088,4085,4050,4046,4044,4044,4043,4046,4047,4042,4090,4089,4091,4091,4092,4091,4092,4093,4092
761,2254,1434,544,4039,4086,4089,4089,4085,4051,4048,4045,4045,4045,4048,4048,4043,4090,4089,4092,4092,4092,4091,4092,4093,4092
775,2257,1489,541,4037,4087,4089,4089,4085,4052,4049,4046,4047,4046,4049,4049,4045,4090,4089,4092,4092,4092,4091,4092,4093,4092
788,2254,1513,571,4037,4087,4089,4089,4086,4054,4051,4049,4049,4048,4051,4051,4047,4090,4090,4092,4092,4092,4092,4092,4093,4092
802,2251,1523,611,4036,4086,4089,4089,4086,4055,4052,4050,4050,4050,4052,4053,4048,4090,4090,4092,4092,4092,4092,4092,4093,4092
816,2257,1529,635,4034,4086,4089,4089,4086,4056,4054,4051,4052,4051,4053,4054,4050,4090,4090,4092,4092,4092,4092,4093,4093,4092
830,2260,1540,661,4032,4086,4089,4089,4086,4058,4055,4053,4053,4052,4055,4055,4051,4091,4090,4092,4092,4092,4092,4092,4093,4092
844,2263,1611,667,4030,4086,4089,4089,4086,4058,4056,4053,4054,4053,4055,4056,4052,4091,4090,4092,4092,4092,4092,4092,4092,4092
858,2266,1629,678,4028,4086,4089,4089,4087,4059,4057,4055,4055,4055,4057,4057,4053,4091,4090,4092,4092,4092,4092,4092,4093,4093
871,2278,1648,679,4024,4086,4089,4089,4087,4060,4058,4056,4056,4055,4057,4058,4054,4091,4091,4092,4092,4092,4092,4093,4093,4093
885,2288,1666,692,4022,4086,4090,4090,4087,4064,4062,4060,4060,4060,4062,4062,4059,4091,4091,4092,4092,4092,4092,4093,4093,4092
899,2290,1701,693,4016,4086,4090,4090,4087,4065,4063,4062,4062,4062,4064,4064,4061,4091,4091,4092,4092,4092,4092,4093,4093,4092
913,2295,1707,671,4006,4086,4090,4090,4088,4067,4064,4063,4063,4068,4073,4075,4071,4092,4092,4092,4092,4092,4093,4093,4093,4093
927,2301,1710,666,3992,4086,4090,4091,4088,4071,4069,4067,4067,4067,4068,4069,4067,4092,4092,4092,4093,4092,4093,4092,4093,4093
941,2305,1721,696,3979,4085,4090,4090,4088,4066,4064,4062,4062,4062,4063,4064,4061,4091,4091,4092,4093,4092,4093,4093,4093,4093
955,2315,1737,696,3970,4084,4090,4090,4087,4065,4063,4061,4061,4061,4062,4063,4059,4091,4091,4092,4093,4092,4092,4093,4093,4092
968,2306,1752,696,3779,4080,4089,4090,4087,4065,4063,4061,4061,4061,4062,4063,4060,4091,4091,4092,4093,4092,4092,4093,4093,4092
982,2309,1770,680,1844,4058,4089,4090,4087,4064,4062,4060,4060,4060,4061,4062,4059,4091,4091,4092,4092,4092,4093,4093,4093,4092
996,2310,1775,645,1092,4048,4089,4090,4087,4064,4061,4060,4060,4060,4061,4062,4058,4091,4091,4092,4092,4092,4093,4092,4093,4092
1010,2311,1783,619,945,4044,4089,4090,4087,4063,4060,4058,4058,4058,4060,4060,4057,4091,4091,4092,4092,4092,4092,4093,4093,4092
1024,2309,1792,614,1036,4044,4089,4090,4087,4063,4061,4059,4060,4060,4061,4062,4058,4091,4091,4092,4092,4092,4092,4093,4093,4092
1038,2311,1813,638,1184,4046,4089,4090,4088,4064,4062,4060,4060,4060,4062,4062,4059,4091,4091,4092,4092,4092,4092,4092,4092,4093
1051,2318,1826,623,1099,4044,4088,4090,4087,4065,4063,4061,4061,4061,4062,4063,4060,4091,4091,4092,4093,4092,4093,4093,4093,4092
1065,2328,1820,640,1051,4043,4089,4091,4089,4072,4071,4072,4074,4076,4077,4076,4074,4092,4092,4092,4092,4092,4093,4092,4093,4093
1079,2334,1822,696,1086,4044,4090,4092,4089,4074,4071,4069,4068,4068,4068,4069,4066,4092,4092,4092,4093,4092,4093,4093,4093,4093
1093,2322,1836,721,1143,4040,4088,4090,4088,4067,4064,4063,4063,4063,4063,4064,4061,4091,4091,4092,4092,4092,4093,4092,4093,4092
1107,2323,1848,775,1134,4038,4088,4090,4087,4066,4064,4062,4062,4062,4063,4064,4061,4091,4091,4092,4092,4092,4092,4092,4093,4092
1121,2325,1850,750,1070,4036,4088,4090,4087,4066,4065,4063,4063,4063,4063,4064,4061,4091,4091,4092,4093,4092,4093,4093,4093,4092
1134,2326,1844,752,998,4033,4087,4090,4087,4066,4063,4062,4062,4062,4063,4064,4060,4091,4091,4092,4093,4092,4092,4093,4092,4092
1148,2323,1858,746,966,4031,4087,4090,4088,4070,4069,4067,4068,4069,4070,4070,4065,4092,4092,4092,4093,4092,4092,4093,4093,4092
1162,2321,1859,778,925,4028,4087,4090,4088,4069,4067,4065,4065,4066,4067,4067,4064,4092,4092,4092,4093,4092,4093,4093,4093,4093
1176,2319,1885,769,920,4024,4087,4090,4088,4069,4067,4066,4065,4066,4067,4067,4064,4092,4092,4092,4092,4092,4093,4093,4093,4093
1190,2318,1882,779,917,4019,4086,4090,4088,4068,4066,4064,4064,4065,4066,4066,4063,4092,4092,4092,4093,4092,4093,4092,4093,4092
1204,2324,1880,837,909,4010,4086,4090,4088,4068,4066,4064,4064,4065,4066,4066,4063,4092,4091,4092,4092,4093,4092,4092,4093,4092
1217,2326,1899,877,906,3994,4086,4090,4088,4068,4066,4065,4065,4065,4066,4066,4064,4092,4092,4093,4093,4092,4093,4092,4093,4092
1231,2324,1899,911,891,3976,4085,4090,4088,4069,4067,4065,4065,4066,4067,4067,4064,4092,4092,4092,4092,4092,4092,4093,4093,4093
1245,2327,1904,932,867,3962,4085,4090,4088,4069,4068,4066,4066,4066,4068,4068,4065,4092,4092,4093,4093,4093,4093,4092,4093,4092
1259,2322,1913,969,881,3464,4078,4090,4088,4070,4069,4067,4067,4067,4069,4069,4066,4092,4092,4092,4093,4092,4093,4093,4093,4092
1273,2319,1924,1016,885,1462,4056,4090,4088,4071,4070,4068,4068,4069,4070,4070,4067,4092,4092,4092,4093,4092,4093,4092,4093,4092
1287,2319,1906,1042,877,947,4047,4090,4088,4072,4071,4069,4069,4070,4071,4071,4069,4092,4092,4092,4093,4092,4092,4093,4093,4092
1301,2316,1903,1099,880,927,4043,4090,4089,4073,4072,4071,4071,4071,4072,4072,4070,4092,4092,4092,4092,4092,4092,4093,4093,4092
1314,2313,1902,1167,879,1183,4045,4090,4089,4075,4073,4072,4072,4072,4073,4073,4071,4092,4092,4092,4092,4092,4093,4093,4093,4092
1328,2312,1923,1203,910,1359,4050,4090,4089,4076,4074,4073,4073,4073,4074,4074,4073,4092,4092,4092,4093,4093,4092,4093,4093,4093
1342,2316,1922,1213,918,1528,4054,4090,4089,4077,4075,4074,4074,4074,4075,4076,4074,4092,4092,4092,4092,4092,4093,4093,4093,4093
1356,2319,1940,1220,887,1588,4054,4090,4089,4077,4076,4075,4075,4075,4076,4076,4074,4092,4092,4092,4092,4092,4093,4093,4093,4093
1370,2305,1942,1223,909,1581,4053,4090,4089,4078,4077,4076,4075,4076,4077,4077,4075,4092,4092,4092,4092,4092,4092,4093,4093,4092
1384,2309,1908,1246,941,1432,4050,4090,4089,4078,4077,4076,4076,4076,4077,4077,4075,4092,4092,4092,4093,4092,4093,4092,4093,4092
1397,2309,1905,1244,940,1248,4047,4090,4089,4078,4077,4076,4076,4076,4077,4077,4075,4092,4092,4092,4092,4093,4092,4092,4093,4092
1411,2298,1933,1267,931,1017,4043,4089,4089,4078,4077,4076,4076,4076,4077,4077,4076,4092,4092,4092,4093,4092,4093,4092,4093,4092
1425,2298,1917,1247,968,954,4041,4089,4089,4078,4077,4076,4076,4076,4077,4077,4076,4092,4092,4092,4092,4092,4093,4092,4093,4092
1439,2294,1932,1262,934,916,4037,4089,4089,4078,4077,4076,4076,4077,4078,4077,4076,4092,4092,4093,4093,4092,4092,4093,4093,4092
1453,2288,1953,1262,928,953,4033,4089,4089,4079,4077,4076,4076,4077,4078,4078,4076,4092,4092,4093,4093,4092,4093,4093,4093,4092
1467,2284,1963,1263,944,953,4026,4088,4089,4079,4078,4077,4076,4077,4078,4078,4076,4092,4092,4092,4093,4092,4093,4093,4093,4093
1480,2277,1971,1259,937,952,4016,4088,4089,4079,4078,4077,4076,4077,4078,4078,4076,4092,4092,4092,4092,4092,4092,4093,4093,4092
1494,2281,1977,1259,957,948,4005,4088,4089,4079,4078,4077,4077,4077,4078,4078,4076,4092,4092,4093,4092,4092,4093,4092,4093,4092
1508,2285,1982,1240,951,987,3998,4087,4089,4079,4078,4077,4077,4077,4078,4078,4076,4092,4092,4092,4093,4092,4093,4093,4093,4092
1522,2282,1987,1234,949,979,3983,4087,4089,4079,4078,4077,4077,4077,4078,4078,4076,4092,4092,4093,4093,4093,4093,4093,4093,4092
1536,2273,1990,1244,995,994,2687,4070,4088,4079,4078,4077,4077,4077,4078,4078,4076,4092,4092,4092,4092,4092,4093,4092,4093,4092
1550,2272,2003,1261,1038,941,941,4050,4088,4079,4078,4077,4077,4078,4078,4078,4076,4092,4093,4092,4093,4093,4093,4093,4093,4093
1564,2263,2007,1243,1064,908,718,4043,4088,4079,4078,4077,4077,4077,4078,4078,4076,4092,4092,4093,4093,4092,4093,4093,4093,4092
1577,2258,2010,1231,1088,871,921,4045,4088,4079,4078,4077,4077,4078,4078,4079,4076,4092,4092,4092,4092,4092,4093,4093,4093,4093
1591,2255,1993,1256,1111,831,1490,4053,4088,4079,4078,4078,4077,4078,4079,4079,4077,4092,4092,4092,4093,4093,4093,4092,4093,4092
1605,2251,2017,1229,1134,862,1613,4055,4088,4080,4079,4078,4078,4078,4079,4079,4077,4092,4092,4092,4093,4092,4093,4093,4093,4093
1619,2258,2014,1218,1142,879,1595,4054,4088,4080,4079,4078,4078,4079,4079,4079,4077,4092,4093,4092,4092,4092,4093,4093,4093,4092
1633,2256,2008,1206,1175,919,1501,4052,4088,4080,4079,4078,4078,4079,4079,4080,4078,4092,4093,4092,4092,4093,4092,4093,4093,4092
1647,2252,2008,1213,1178,895,1333,4049,4088,4080,4079,4079,4079,4079,4080,4080,4078,4092,4093,4092,4093,4092,4093,4093,4093,4092
1660,2250,2016,1210,1173,923,1127,4046,4087,4081,4080,4079,4079,4079,4080,4080,4078,4092,4092,4093,4093,4093,4093,4093,4093,4092
1674,2246,2009,1243,1200,935,953,4042,4087,4081,4080,4079,4079,4080,4080,4080,4079,4092,4092,4092,4093,4092,4093,4092,4093,4092
1688,2239,2031,1232,1200,983,913,4038,4087,4081,4080,4079,4079,4080,4080,4080,4079,4092,4092,4092,4093,4092,4092,4093,4093,4093
1702,2236,2036,1229,1222,932,927,4035,4087,4081,4080,4080,4080,4080,4081,4081,4079,4092,4092,4092,4093,4092,4093,4093,4093,4092
1716,2237,2041,1210,1251,964,918,4029,4087,4082,4081,4080,4080,4080,4081,4081,4079,4092,4093,4093,4093,4093,4092,4093,4093,4093
1730,2241,2041,1203,1256,942,944,4018,4086,4082,4081,4080,4080,4080,4081,4081,4080,4092,4093,4092,4093,4092,4093,4093,4093,4092
1743,2226,2025,1256,1266,969,994,4005,4086,4082,4081,4080,4080,4081,4081,4081,4080,4092,4092,4092,4093,4093,4093,4092,4093,4092
1757,2234,2056,1254,1266,976,1009,3994,4086,4082,4081,4080,4080,4081,4081,4082,4080,4092,4092,4093,4093,4092,4092,4092,4093,4092
1771,2231,2060,1251,1306,959,952,3976,4085,4082,4081,4080,4080,4081,4081,4082,4080,4092,4093,4092,4093,4092,4092,4092,4093,4092
1785,2226,2069,1268,1325,953,925,3755,4082,4082,4081,4080,4080,4081,4081,4081,4080,4092,4092,4093,4093,4093,4092,4093,4092,4093
1799,2225,2057,1255,1330,970,911,1653,4058,4082,4081,4080,4081,4081,4081,4082,4080,4092,4093,4092,4093,4092,4093,4093,4093,4092
1813,2221,2070,1238,1336,982,936,475,4045,4082,4081,4080,4080,4081,4082,4082,4080,4092,4092,4092,4093,4092,4093,4093,4093,4092
1826,2224,2078,1257,1352,1089,965,284,4042,4082,4081,4081,4081,4081,4082,4082,4080,4092,4092,4093,4092,4093,4093,4093,4093,4093
1840,2221,2063,1250,1363,1131,951,280,4041,4082,4081,4081,4081,4081,4082,4082,4081,4092,4092,4092,4093,4092,4093,4093,4093,4092
1854,2222,2078,1257,1353,1192,1003,280,4040,4082,4082,4081,4081,4082,4082,4082,4081,4092,4092,4093,4093,4092,4093,4093,4093,4093
1868,2228,2070,1266,1356,1235,1001,278,4040,4082,4081,4081,4081,4082,4082,4082,4081,4092,4093,4092,4093,4093,4093,4093,4093,4092
1882,2229,2063,1247,1359,1280,992,267,4039,4082,4081,4081,4081,4082,4082,4082,4081,4092,4093,4092,4092,4092,4093,4093,4093,4092
0,165,214,4048,4090,4091,4091,4090,4087,4063,4059,4056,4055,4055,4057,4057,4053,4091,4091,4092,4092,4092,4091,4091,4093,4091
13,217,248,4044,4089,4091,4090,4090,4087,4062,4059,4056,4055,4055,4057,4057,4053,4090,4090,4092,4092,4091,4091,4090,4093,4091
27,225,263,4036,4087,4090,4090,4090,4086,4059,4056,4053,4053,4053,4055,4056,4051,4090,4090,4092,4092,4091,4090,4090,4092,4091
41,226,264,3720,4082,4089,4090,4090,4086,4059,4055,4053,4052,4053,4054,4055,4051,4090,4090,4092,4092,4091,4090,4090,4093,4092
55,227,262,1841,4059,4089,4090,4089,4086,4058,4055,4052,4052,4052,4054,4055,4050,4090,4090,4092,4092,4091,4090,4090,4093,4092
69,226,261,495,4044,4089,4090,4089,4086,4058,4055,4052,4052,4052,4054,4054,4050,4090,4090,4092,4092,4091,4090,4090,4093,4092
83,224,262,432,4042,4089,4090,4089,4086,4064,4061,4057,4056,4057,4063,4063,4059,4091,4091,4092,4092,4092,4091,4091,4093,4092
96,222,266,424,4041,4088,4090,4089,4086,4059,4055,4053,4052,4052,4054,4055,4051,4090,4090,4092,4092,4091,4090,4090,4092,4092
110,221,265,420,4038,4088,4089,4089,4086,4058,4055,4052,4052,4052,4054,4055,4050,4090,4090,4092,4091,4091,4091,4090,4093,4092
124,221,265,408,4035,4088,4089,4089,4086,4058,4055,4052,4052,4052,4054,4054,4050,4090,4090,4092,4092,4091,4091,4090,4093,4093
138,220,264,401,4029,4087,4089,4089,4086,4058,4054,4052,4052,4052,4054,4054,4049,4090,4090,4092,4092,4091,4091,4090,4093,4092
152,219,265,400,4004,4086,4089,4089,4086,4057,4054,4051,4051,4052,4053,4053,4049,4090,4090,4092,4092,4091,4091,4091,4093,4092
166,217,266,407,3945,4085,4089,4089,4086,4057,4054,4051,4051,4051,4053,4053,4049,4090,4090,4092,4092,4091,4091,4091,4093,4092
179,216,267,403,3852,4083,4089,4089,4086,4057,4054,4051,4051,4052,4053,4054,4049,4090,4090,4092,4091,4090,4089,4088,4092,4092
193,215,269,420,2138,4027,4077,4079,4079,4003,3995,3988,3988,3988,3992,3993,3983,4084,4083,4088,4088,4086,4087,4086,4092,4092
207,215,268,433,539,3991,4072,4076,4077,3991,3981,3974,3974,3973,3978,3979,3969,4082,4081,4088,4087,4085,4086,4085,4092,4091
221,214,268,461,528,3974,4067,4075,4076,3982,3971,3964,3965,3964,3968,3969,3959,4081,4080,4087,4086,4085,4085,4084,4092,4091
235,212,269,453,525,3956,4063,4073,4075,3974,3963,3956,3956,3955,3961,3962,3951,4081,4079,4087,4086,4084,4084,4084,4091,4091
249,211,268,463,520,3933,4059,4071,4074,3968,3957,3949,3950,3948,3955,3956,3944,4080,4079,4086,4086,4084,4084,4084,4091,4091
262,210,268,463,516,3896,4054,4069,4073,3963,3951,3942,3944,3943,3950,3951,3938,4080,4078,4086,4086,4084,4084,4084,4091,4091
276,209,269,471,506,3815,4048,4067,4072,3960,3948,3939,3941,3940,3946,3948,3935,4080,4078,4086,4085,4084,4084,4085,4092,4091
290,209,267,477,516,3711,4041,4066,4071,3957,3944,3936,3937,3936,3942,3945,3932,4080,4078,4086,4085,4084,4084,4085,4092,4091
304,208,267,483,537,3644,4034,4064,4071,3955,3942,3933,3935,3934,3940,3943,3930,4080,4078,4086,4086,4084,4084,4085,4092,4091
318,207,267,493,547,1798,4004,4061,4070,3954,3941,3932,3934,3933,3939,3943,3929,4080,4078,4085,4086,4084,4084,4086,4092,4091
332,207,266,489,563,609,3980,4058,4070,3955,3942,3932,3934,3934,3939,3943,3929,4080,4078,4085,4086,4084,4085,4086,4092,4091
346,207,265,512,578,720,3971,4055,4069,3955,3942,3933,3934,3935,3940,3944,3930,4080,4079,4085,4086,4085,4085,4086,4092,4091
359,208,263,527,595,589,3954,4051,4068,3955,3942,3934,3935,3935,3941,3944,3931,4080,4079,4086,4086,4085,4085,4087,4092,4092
373,208,262,533,612,527,3934,4048,4067,3955,3943,3934,3935,3935,3941,3944,3931,4080,4079,4086,4087,4085,4085,4087,4092,4092
387,208,261,542,636,502,3893,4043,4066,3954,3941,3933,3934,3933,3939,3942,3929,4080,4079,4086,4087,4086,4086,4087,4092,4092
401,207,259,557,656,495,3810,4036,4064,3951,3939,3930,3931,3930,3936,3939,3926,4080,4079,4086,4087,4086,4086,4088,4092,4092
415,207,258,568,668,530,3747,4028,4063,3949,3936,3927,3929,3928,3934,3937,3925,4080,4079,4086,4087,4086,4086,4088,4092,4092
429,207,257,587,671,571,3701,4019,4062,3949,3936,3927,3929,3929,3935,3938,3926,4080,4079,4086,4087,4086,4086,4088,4092,4092
442,207,256,599,689,606,868,3975,4059,3949,3937,3930,3938,3940,3950,3948,3936,4081,4081,4087,4087,4087,4087,4089,4092,4092
456,207,254,600,695,617,824,3964,4058,3956,3941,3932,3933,3931,3937,3939,3929,4080,4080,4086,4087,4087,4087,4088,4092,4092
470,207,253,617,720,631,679,3943,4054,3949,3936,3929,3931,3930,3937,3938,3929,4081,4080,4087,4087,4087,4087,4089,4092,4092
484,207,250,632,750,626,533,3921,4051,3950,3937,3931,3933,3932,3938,3940,3930,4081,4081,4087,4087,4088,4087,4089,4092,4092
498,206,254,631,784,615,510,3884,4047,3948,3936,3930,3932,3932,3944,3953,3943,4082,4082,4088,4088,4088,4088,4089,4093,4092
512,206,253,654,797,615,573,3803,4042,3947,3933,3928,3929,3928,3934,3936,3926,4081,4081,4087,4087,4088,4088,4089,4092,4092
525,205,252,675,822,626,648,3700,4036,3945,3931,3926,3926,3926,3932,3934,3924,4081,4081,4087,4087,4088,4088,4089,4093,4092
539,206,250,668,843,642,692,2228,4011,3943,3930,3924,3925,3924,3930,3933,3922,4081,4081,4087,4088,4088,4088,4089,4092,4092
553,205,249,699,878,653,749,352,3986,3940,3927,3920,3922,3921,3928,3930,3918,4081,4081,4087,4088,4088,4088,4090,4092,4092
567,205,248,701,887,684,745,259,3974,3936,3923,3915,3917,3917,3923,3926,3914,4081,4082,4087,4088,4088,4088,4090,4092,4092
581,205,247,723,928,726,729,235,3960,3930,3916,3909,3912,3912,3917,3920,3909,4082,4082,4088,4088,4088,4089,4090,4092,4092
595,205,247,727,937,783,683,237,3943,3924,3909,3902,3905,3905,3911,3914,3902,4082,4082,4088,4088,4088,4089,4090,4093,4092
609,205,246,731,936,776,658,253,3919,3916,3900,3894,3898,3898,3903,3905,3894,4082,4081,4088,4088,4088,4089,4090,4092,4092
623,204,246,761,1007,845,645,257,3872,3907,3890,3884,3889,3888,3893,3896,3885,4082,4081,4088,4088,4088,4089,4090,4092,4092
637,204,246,751,1008,850,640,257,3799,3896,3880,3874,3878,3877,3883,3886,3875,4082,4081,4088,4088,4089,4089,4090,4092,4092
650,204,246,779,1033,896,637,246,3721,3883,3868,3862,3867,3865,3871,3873,3863,4082,4082,4088,4088,4088,4089,4090,4093,4092
664,204,245,777,1055,943,661,248,930,3835,3849,3844,3850,3850,3854,3857,3847,4082,4082,4088,4088,4089,4090,4090,4093,4092
678,204,245,792,1068,965,700,244,845,3818,3829,3824,3829,3829,3834,3836,3826,4081,4082,4088,4088,4089,4090,4090,4093,4092
692,204,245,805,1072,1008,750,242,661,3790,3799,3796,3802,3801,3806,3808,3798,4081,4082,4089,4089,4089,4090,4090,4093,4092
706,204,244,820,1071,1028,792,239,656,3754,3761,3760,3764,3764,3768,3770,3759,4081,4082,4089,4089,4089,4090,4090,4093,4092
720,204,244,827,1109,1019,823,235,751,3699,3701,3701,3702,3699,3701,3700,3687,4080,4083,4089,4089,4089,4090,4091,4093,4092
733,204,243,843,1099,1088,859,238,769,3584,3586,3587,3588,3584,3587,3585,3571,4079,4083,4089,4089,4089,4090,4091,4093,4092
747,203,243,848,1119,1093,880,242,689,3462,3477,3483,3489,3490,3495,3497,3488,4077,4083,4089,4089,4089,4090,4091,4093,4092
761,203,243,866,1160,1143,916,247,664,3232,3430,3471,3482,3486,3493,3498,3490,4077,4084,4089,4089,4089,4090,4091,4093,4092
775,203,242,867,1145,1097,934,253,606,1486,3299,3485,3508,3517,3527,3531,3525,4078,4084,4089,4089,4089,4090,4091,4093,4092
789,203,242,880,1137,1110,917,259,570,1236,3290,3501,3527,3536,3545,3549,3542,4078,4084,4089,4089,4089,4090,4091,4093,4092
803,203,241,855,1138,1119,952,263,583,1009,3261,3497,3527,3536,3546,3550,3542,4078,4084,4089,4089,4090,4090,4091,4093,4092
816,203,241,882,1130,1147,990,260,563,1055,3245,3487,3521,3530,3540,3543,3536,4078,4084,4089,4089,4090,4090,4091,4093,4092
830,203,241,902,1149,1149,1026,264,561,1092,3217,3471,3510,3519,3527,3531,3523,4078,4084,4089,4090,4090,4090,4091,4093,4092
844,203,240,905,1159,1192,1028,266,567,1045,3155,3442,3486,3495,3503,3507,3499,4078,4085,4089,4090,4090,4091,4091,4093,4092
858,202,240,912,1163,1185,1040,267,608,869,3006,3393,3453,3463,3472,3476,3468,4077,4085,4089,4090,4090,4091,4091,4093,4092
872,202,240,923,1165,1213,1071,264,659,754,2388,3310,3430,3445,3456,3461,3455,4077,4085,4089,4090,4090,4091,4091,4093,4092
886,202,240,964,1169,1233,1119,266,695,713,1413,3243,3435,3455,3468,3473,3467,4078,4085,4089,4090,4090,4091,4091,4093,4092
900,202,240,962,1156,1255,1122,270,726,740,478,3232,3448,3467,3480,3484,3478,4078,4085,4089,4090,4090,4091,4091,4093,4092
913,202,240,963,1167,1258,1162,271,720,752,473,3226,3450,3470,3483,3487,3480,4078,4085,4089,4090,4090,4091,4091,4093,4092
927,202,239,959,1149,1262,1147,270,724,711,418,3205,3444,3467,3480,3484,3477,4078,4085,4089,4090,4090,4091,4091,4093,4092
941,202,239,975,1149,1247,1155,272,712,753,452,3170,3427,3452,3464,3468,3461,4078,4085,4089,4090,4091,4091,4091,4093,4092
955,202,239,965,1163,1247,1158,275,731,813,434,3112,3398,3427,3439,3442,3435,4078,4085,4089,4090,4091,4091,4091,4093,4092
969,201,238,989,1193,1222,1177,275,737,909,327,3030,3358,3391,3403,3406,3397,4078,4085,4089,4090,4091,4091,4092,4093,4092
983,201,238,991,1175,1214,1139,278,764,914,276,2889,3291,3335,3348,3351,3343,4078,4085,4090,4091,4091,4091,4092,4093,4092
996,201,237,1012,1158,1212,1158,281,759,939,249,2613,3227,3303,3320,3326,3320,4077,4086,4090,4091,4091,4091,4092,4093,4092
1010,200,237,1017,1181,1199,1170,273,756,918,241,2295,3195,3300,3320,3326,3321,4078,4086,4090,4091,4091,4091,4092,4093,4092
1024,200,237,994,1163,1246,1196,274,762,935,245,102,3098,3312,3334,3342,3337,4078,4086,4090,4090,4091,4091,4092,4093,4092
1038,200,236,1026,1177,1289,1154,274,784,949,265,42,3102,3325,3348,3355,3350,4078,4086,4090,4091,4091,4091,4092,4093,4092
1052,200,236,1025,1197,1314,1194,277,785,974,299,42,3097,3327,3351,3359,3354,4078,4086,4090,4091,4091,4091,4092,4093,4092
1066,200,236,1032,1179,1301,1207,275,777,965,318,42,3084,3324,3351,3359,3353,4078,4087,4090,4091,4091,4091,4092,4093,4092
1079,200,235,1039,1181,1321,1272,276,743,937,329,42,3063,3314,3344,3351,3346,4078,4087,4090,4091,4091,4091,4092,4093,4092
1093,200,235,1049,1189,1341,1240,274,720,906,344,42,3033,3300,3333,3340,3334,4077,4087,4090,4091,4091,4091,4092,4093,4092
1107,200,235,1059,1166,1322,1224,275,711,951,346,41,2987,3276,3312,3319,3314,4077,4087,4091,4091,4091,4091,4092,4093,4092
1121,200,234,1052,1172,1333,1224,274,694,931,358,42,2926,3244,3287,3295,3289,4077,4087,4091,4091,4091,4091,4092,4093,4092
1135,201,234,1063,1165,1344,1181,271,686,907,348,42,2817,3202,3257,3265,3261,4077,4088,4091,4091,4092,4092,4092,4093,4092
1149,200,234,1071,1167,1364,1286,271,700,923,352,42,2449,3141,3227,3238,3234,4076,4088,4091,4091,4092,4092,4092,4093,4092
1162,200,233,1064,1201,1351,1294,272,711,939,340,41,2290,3120,3221,3233,3230,4077,4088,4091,4091,4092,4092,4092,4093,4092
1176,200,233,1057,1185,1361,1302,275,695,893,345,41,513,3035,3230,3245,3244,4077,4088,4091,4091,4092,4092,4092,4093,4092
1190,200,233,1088,1168,1385,1333,280,709,866,335,40,257,3029,3242,3260,3258,4077,4088,4091,4091,4092,4092,4092,4093,4092
1204,200,232,1102,1165,1387,1301,276,741,871,356,41,325,3155,3353,3365,3370,4082,4092,4092,4093,4092,4092,4093,4093,4092
1218,200,232,1112,1180,1393,1338,278,752,897,323,40,317,3032,3258,3277,3275,4077,4089,4091,4092,4092,4092,4092,4093,4092
1232,200,232,1116,1185,1367,1307,282,737,905,337,41,320,3092,3332,3345,3346,4082,4092,4092,4092,4092,4092,4093,4093,4092
1246,200,232,1133,1212,1409,1315,281,730,914,318,41,312,3045,3314,3337,3341,4082,4092,4093,4093,4092,4092,4092,4093,4092
1259,201,232,1122,1202,1402,1324,280,767,874,311,40,251,2911,3203,3229,3227,4077,4089,4092,4092,4092,4092,4092,4093,4092
1273,201,232,1110,1182,1406,1324,285,753,911,316,40,193,2848,3175,3203,3201,4077,4089,4091,4092,4092,4092,4092,4093,4093
1287,201,232,1133,1200,1405,1368,289,803,918,319,40,171,2777,3142,3174,3172,4077,4089,4091,4092,4092,4092,4092,4093,4092
1301,201,231,1150,1180,1410,1347,289,827,902,324,40,187,2690,3101,3139,3137,4076,4088,4091,4092,4092,4092,4092,4093,4093
1315,201,231,1129,1220,1406,1388,288,846,953,305,39,206,2538,3053,3103,3103,4076,4088,4091,4092,4092,4092,4092,4093,4092
1329,201,231,1153,1241,1404,1403,286,887,960,306,40,209,2363,3063,3117,3118,4077,4089,4092,4092,4092,4092,4092,4093,4093
1342,201,231,1153,1264,1423,1416,288,878,954,309,39,220,2033,3010,3107,3111,4076,4088,4091,4092,4092,4092,4092,4093,4092
1356,201,231,1151,1262,1417,1396,290,889,981,334,40,234,485,2962,3129,3134,4076,4088,4091,4092,4092,4092,4092,4093,4092
1370,201,231,1141,1262,1457,1408,288,913,1067,322,40,244,425,2979,3147,3151,4077,4088,4092,4092,4092,4092,4092,4093,4092
1384,202,231,1138,1272,1426,1376,289,912,1089,338,40,235,499,3017,3174,3179,4077,4089,4092,4092,4092,4092,4092,4093,4092
1398,202,231,1163,1247,1451,1387,288,892,1093,331,40,247,498,3020,3212,3181,4077,4089,4092,4092,4092,4092,4092,4093,4092
1412,202,231,1145,1270,1443,1398,288,880,1120,343,40,242,476,2972,3157,3163,4077,4089,4092,4092,4092,4092,4092,4093,4092
1425,201,231,1164,1291,1447,1406,288,871,1090,352,40,239,415,2956,3153,3160,4077,4089,4092,4092,4092,4092,4092,4093,4092
1439,201,231,1159,1299,1432,1396,289,871,1048,364,40,228,288,2936,3149,3158,4077,4089,4092,4092,4092,4092,4092,4093,4092
1453,201,231,1184,1302,1439,1388,290,895,1096,376,40,234,251,2917,3142,3153,4077,4089,4092,4092,4092,4092,4092,4093,4092
1467,201,231,1191,1321,1433,1427,290,895,1123,380,40,228,274,2899,3134,3145,4076,4089,4092,4092,4092,4092,4092,4093,4092
1481,202,230,1188,1319,1433,1458,291,928,1073,363,40,220,302,2871,3120,3133,4076,4089,4092,4092,4092,4092,4092,4093,4092
1495,201,230,1176,1342,1468,1452,290,919,1101,390,40,220,324,2834,3102,3118,4076,4089,4092,4092,4092,4092,4092,4093,4092
1509,201,230,1168,1354,1456,1435,290,932,1108,385,39,226,332,2783,3078,3097,4076,4090,4092,4092,4092,4092,4092,4092,4092
1522,202,230,1160,1322,1436,1421,290,920,1133,381,39,223,334,2706,3046,3072,4075,4089,4092,4092,4092,4092,4092,4093,4092
1536,202,230,1195,1344,1463,1443,292,903,1149,389,39,225,342,2557,3019,3060,4075,4090,4092,4092,4092,4092,4092,4093,4092
1550,202,230,1184,1352,1442,1455,292,915,1185,382,39,232,353,2460,3007,3058,4075,4090,4092,4092,4092,4092,4092,4093,4092
1564,201,230,1193,1363,1458,1457,290,922,1142,395,39,230,351,2386,3004,3063,4075,4090,4092,4092,4092,4092,4092,4093,4092
1578,201,229,1180,1357,1455,1442,290,934,1167,393,39,220,347,719,2955,3074,4075,4090,4092,4092,4092,4092,4092,4093,4092
1592,201,227,1198,1385,1436,1458,289,937,1151,397,39,233,336,133,2947,3089,4075,4089,4091,4092,4092,4092,4092,4093,4092
1605,201,226,1198,1404,1460,1425,288,913,1136,399,39,235,312,84,2953,3100,4075,4089,4092,4092,4092,4092,4092,4093,4092
1619,201,226,1194,1415,1483,1470,292,914,1112,393,40,234,313,92,2964,3106,4075,4089,4092,4092,4092,4092,4092,4093,4092
1633,201,226,1230,1404,1484,1489,292,927,1117,397,39,223,322,95,2964,3109,4075,4089,4092,4092,4092,4092,4092,4093,4092
1647,201,226,1228,1414,1476,1440,292,925,1079,391,40,233,332,95,2961,3110,4075,4089,4092,4092,4092,4092,4092,4093,4092
1661,203,226,1190,1425,1467,1489,292,929,1102,409,40,241,337,94,2957,3112,4075,4089,4092,4092,4092,4092,4092,4093,4092
1675,203,226,1199,1458,1483,1511,293,942,1104,405,40,240,330,91,2949,3109,4075,4089,4092,4092,4092,4092,4092,4093,4092
1688,202,225,1231,1442,1490,1535,293,939,1133,402,40,244,336,91,2942,3108,4075,4089,4092,4092,4092,4092,4092,4093,4092
1702,203,225,1257,1425,1460,1495,294,964,1165,385,39,251,351,92,2933,3105,4075,4089,4092,4092,4092,4092,4092,4093,4092
1716,203,225,1240,1420,1485,1520,294,966,1181,394,40,242,332,94,2921,3100,4075,4089,4092,4092,4092,4092,4092,4093,4092
1730,203,225,1241,1468,1483,1540,294,959,1212,385,39,252,334,94,2905,3094,4075,4089,4092,4092,4092,4092,4092,4093,4092
1744,203,225,1260,1445,1469,1545,295,979,1216,380,39,259,339,94,2889,3086,4074,4089,4092,4092,4092,4092,4092,4093,4092
1758,203,225,1244,1467,1485,1533,295,980,1229,370,40,255,336,94,2865,3076,4074,4089,4092,4092,4092,4092,4092,4093,4092
1772,203,225,1248,1446,1494,1504,295,971,1225,385,39,262,350,94,2837,3064,4074,4089,4092,4092,4092,4092,4092,4093,4092
1785,202,225,1270,1474,1487,1458,295,980,1216,414,40,255,348,93,2800,3049,4074,4089,4092,4092,4092,4092,4092,4093,4092
1799,202,225,1265,1476,1499,1537,294,993,1261,431,39,260,360,93,2756,3033,4073,4089,4092,4092,4092,4092,4092,4093,4092
1813,203,225,1255,1487,1468,1543,293,981,1247,430,39,253,370,93,2696,3017,4073,4089,4092,4092,4092,4092,4093,4093,4092
1827,203,225,1277,1509,1491,1535,294,984,1177,408,39,257,366,93,2623,3003,4073,4089,4092,4092,4092,4092,4092,4093,4092
1841,203,225,1263,1505,1505,1545,293,980,1166,390,39,247,363,92,2533,3005,4073,4090,4092,4092,4092,4092,4093,4093,4093
1855,203,225,1258,1530,1505,1557,294,979,1118,394,40,259,380,92,1524,2958,4073,4090,4092,4093,4092,4092,4093,4093,4092
1868,203,225,1259,1511,1503,1514,294,997,1120,388,39,255,356,91,296,2921,4073,4090,4092,4092,4092,4092,4092,4093,4092
1882,203,225,1283,1494,1508,1529,293,961,1098,388,39,259,363,92,151,2890,4071,4090,4092,4092,4092,4092,4093,4093,4092
1896,204,225,1313,1469,1524,1522,292,976,1074,403,39,260,356,92,135,2922,4072,4090,4092,4093,4092,4092,4092,4093,4092
0,152,212,3924,3989,4005,4030,4025,4037,3711,3675,3658,3662,3676,3672,3661,3641,4045,4042,4062,4054,4047,4045,4034,4056,4039
13,179,233,3898,3971,3997,4027,4022,4035,3676,3634,3610,3614,3606,3629,3637,3600,4037,4034,4058,4052,4046,4044,4035,4057,4048
27,188,242,2403,3931,3983,4021,4022,4034,3673,3631,3609,3608,3600,3623,3630,3587,4032,4029,4057,4052,4045,4043,4039,4065,4060
41,197,244,499,3843,3966,4017,4021,4038,3724,3690,3674,3676,3672,3689,3696,3652,4039,4036,4061,4056,4047,4046,4048,4070,4067
55,210,241,448,581,3863,3997,4012,4031,3674,3625,3607,3604,3600,3622,3626,3592,4031,4030,4061,4056,4053,4053,4054,4074,4073
69,217,240,434,722,3657,3970,3998,4027,3679,3618,3597,3602,3576,3599,3614,3577,4036,4034,4062,4058,4059,4059,4059,4078,4076
83,218,238,432,573,542,3828,3960,4021,3662,3608,3587,3598,3597,3613,3615,3582,4038,4039,4065,4063,4065,4064,4063,4081,4079
96,219,237,417,563,503,487,3858,3994,3654,3606,3579,3590,3589,3626,3679,3634,4053,4051,4072,4070,4072,4074,4074,4086,4084
110,217,234,486,576,515,495,267,3920,3628,3568,3538,3545,3541,3561,3571,3542,4050,4052,4072,4070,4071,4072,4072,4086,4084
124,213,231,409,541,496,487,289,2960,3540,3487,3458,3476,3476,3495,3502,3469,4046,4057,4074,4073,4073,4075,4072,4085,4084
138,210,227,433,548,493,510,243,447,3285,3234,3216,3224,3222,3258,3279,3267,4051,4058,4077,4076,4075,4077,4075,4086,4085
152,207,224,412,509,507,507,237,447,532,2837,3132,3210,3209,3236,3243,3221,4052,4061,4078,4078,4077,4079,4077,4087,4086
166,206,222,413,561,512,470,275,436,501,208,2888,3157,3187,3222,3233,3210,4055,4063,4079,4080,4079,4080,4079,4088,4087
179,204,219,433,550,506,486,243,456,479,164,753,2928,3106,3160,3174,3156,4059,4066,4081,4081,4080,4081,4080,4089,4088
193,204,217,425,576,505,504,229,431,466,167,47,2747,3026,3101,3115,3095,4060,4069,4082,4083,4081,4082,4082,4089,4088
207,205,215,425,587,524,485,235,441,458,154,50,157,2832,3085,3116,3107,4061,4071,4083,4083,4081,4082,4082,4090,4088
221,204,213,438,598,528,511,229,439,478,156,52,139,2627,2986,3043,3034,4060,4072,4084,4084,4083,4083,4083,4090,4089
235,203,211,437,608,539,499,234,463,467,157,52,119,224,2851,3048,3050,4061,4074,4084,4084,4083,4084,4083,4090,4089
249,202,209,438,611,529,514,230,446,491,173,48,118,186,2784,3033,3044,4061,4075,4084,4085,4084,4084,4084,4091,4089
263,202,208,443,634,541,512,232,453,477,161,48,115,167,2592,2964,2998,4062,4076,4085,4085,4085,4085,4085,4091,4090
276,202,206,445,621,542,515,228,454,514,163,46,117,159,239,2899,3037,4063,4077,4086,4086,4085,4085,4085,4091,4090
290,202,199,459,625,564,513,231,455,504,162,46,118,163,93,2924,3078,4064,4077,4086,4086,4086,4085,4086,4091,4090
304,201,199,456,639,547,513,228,463,502,166,46,118,165,98,2847,3031,4063,4077,4086,4086,4086,4087,4089,4092,4091
318,201,199,463,636,563,526,230,462,508,164,46,119,181,92,2697,2960,4062,4077,4088,4089,4089,4089,4091,4093,4092
332,201,199,472,660,577,527,234,457,495,163,45,118,177,93,1411,2868,4059,4077,4087,4087,4087,4087,4087,4092,4091
346,201,197,475,659,576,539,232,453,515,164,45,120,159,91,123,2839,4056,4076,4087,4087,4087,4087,4088,4092,4091
359,200,198,482,658,601,546,231,453,515,164,46,123,156,88,120,2806,4051,4077,4087,4088,4088,4088,4088,4092,4091
373,200,198,486,670,606,558,228,452,507,168,45,120,159,90,113,2753,4045,4077,4087,4088,4088,4088,4088,4092,4091
387,200,198,488,683,627,560,229,449,517,163,44,127,152,88,115,2671,4040,4077,4087,4088,4088,4088,4089,4092,4091
401,200,198,499,677,627,581,230,452,490,165,43,119,149,86,112,2530,4033,4076,4087,4088,4088,4088,4089,4092,4091
415,200,197,511,679,629,591,233,456,515,166,42,121,150,87,110,2328,4024,4077,4088,4089,4089,4089,4089,4092,4091
429,200,197,516,694,640,598,233,476,510,170,42,124,150,91,107,1954,4007,4074,4087,4089,4088,4089,4089,4092,4091
442,200,197,521,693,627,607,231,467,521,178,45,124,151,90,108,86,3971,4072,4087,4089,4089,4089,4089,4092,4091
456,201,196,524,701,644,600,234,469,518,169,43,124,156,89,109,90,3957,4071,4087,4089,4089,4089,4089,4092,4091
470,201,197,521,705,650,604,235,474,535,168,43,126,164,89,109,90,3944,4069,4087,4089,4089,4089,4089,4092,4091
484,201,198,532,706,657,621,237,488,541,169,44,126,163,88,111,88,3925,4067,4088,4089,4089,4089,4090,4092,4092
498,201,198,530,717,670,637,238,491,545,177,45,129,167,93,111,91,3907,4063,4087,4089,4089,4090,4090,4092,4092
512,201,198,544,722,671,636,236,501,543,173,44,129,165,89,109,88,3855,4058,4087,4089,4089,4090,4090,4092,4091
526,201,198,543,731,680,635,238,506,562,178,44,129,161,90,110,84,3795,4052,4087,4089,4089,4089,4090,4092,4091
539,202,198,563,754,700,629,239,499,566,176,44,128,161,92,109,87,3731,4045,4087,4089,4089,4089,4090,4092,4091
553,202,198,572,748,715,654,242,503,569,176,44,128,160,89,109,85,3704,4039,4087,4089,4089,4090,4090,4092,4092
567,202,198,576,751,738,655,240,502,574,182,43,128,159,89,109,84,3337,4027,4087,4089,4090,4090,4090,4092,4092
581,202,198,575,744,721,687,241,503,591,188,43,129,165,90,108,84,1418,3998,4086,4090,4090,4090,4090,4092,4092
595,202,197,588,761,730,675,243,515,569,188,43,129,168,92,109,85,809,3983,4085,4090,4090,4090,4090,4092,4092
609,201,197,596,768,723,672,239,516,587,191,43,131,167,90,110,85,674,3970,4085,4090,4090,4090,4090,4092,4092
622,202,197,591,783,765,688,243,533,599,184,43,131,177,90,109,85,583,3957,4084,4090,4091,4090,4090,4092,4092
636,202,197,604,775,757,679,242,537,598,191,43,135,168,90,108,84,575,3942,4082,4090,4091,4091,4090,4092,4092
650,201,197,618,782,757,672,245,519,612,192,42,134,169,90,110,84,520,3923,4081,4090,4091,4090,4090,4092,4092
664,201,196,613,824,755,649,245,528,608,189,43,135,175,92,110,86,460,3901,4079,4090,4091,4091,4090,4092,4092
678,200,196,619,819,769,662,243,534,618,202,42,139,169,91,109,84,399,3877,4077,4090,4091,4091,4091,4092,4092
692,200,196,635,822,786,651,239,541,602,200,42,137,177,90,109,83,388,3852,4076,4090,4091,4091,4091,4092,4092
706,199,196,645,822,767,659,241,537,603,205,42,140,176,91,110,86,381,3821,4074,4089,4091,4091,4091,4092,4092
719,198,196,645,819,778,652,243,548,599,205,42,137,172,90,109,86,380,3786,4072,4090,4091,4091,4091,4092,4092
733,198,196,654,828,823,639,245,540,640,209,43,139,184,90,109,86,383,3747,4070,4090,4091,4091,4091,4092,4092
747,197,196,644,835,831,619,241,530,636,208,43,139,181,90,110,85,367,3710,4067,4089,4091,4091,4091,4092,4092
761,197,196,650,845,821,630,236,528,634,212,42,138,184,92,111,85,371,3678,4065,4089,4091,4091,4091,4092,4092
775,197,196,652,825,815,623,235,512,616,206,43,140,179,90,110,85,378,3661,4062,4089,4091,4091,4091,4092,4092
789,197,195,661,817,828,629,237,503,597,206,42,140,184,91,109,85,378,3658,4060,4089,4091,4091,4091,4093,4092
802,197,195,671,832,808,637,236,501,584,204,42,145,185,89,110,86,390,3613,4057,4088,4091,4091,4091,4092,4092
816,196,195,690,835,809,652,236,492,573,207,42,143,187,89,111,84,385,2868,4045,4088,4091,4091,4091,4092,4092
830,196,195,698,873,805,648,239,478,564,196,42,140,197,89,109,87,378,523,4018,4088,4091,4091,4091,4092,4092
844,196,195,691,855,823,648,238,474,556,191,42,146,191,90,112,85,376,215,4012,4087,4091,4091,4091,4092,4092
858,196,195,707,872,815,656,237,495,529,192,42,151,188,89,111,84,371,174,4008,4087,4091,4091,4091,4092,4092
872,196,195,705,883,827,645,232,492,523,194,42,150,188,94,111,84,376,173,4004,4087,4091,4091,4091,4092,4092
885,196,195,706,896,834,672,236,494,534,195,42,150,189,90,111,85,367,179,3999,4086,4091,4091,4091,4092,4092
899,196,194,706,912,845,659,240,492,552,184,42,147,197,90,112,85,384,180,3994,4086,4091,4091,4091,4092,4092
913,196,195,723,907,836,683,241,508,546,180,42,144,197,90,111,85,374,181,3990,4085,4091,4091,4091,4092,4092
927,196,195,750,922,861,677,244,517,576,179,42,141,199,90,111,84,383,180,3984,4085,4091,4091,4091,4092,4092
941,196,195,742,919,872,697,239,526,570,179,42,148,195,90,111,85,386,181,3977,4084,4091,4091,4091,4092,4092
955,196,194,748,914,863,711,242,531,581,181,43,149,195,89,112,84,392,183,3970,4083,4090,4091,4091,4092,4092
969,195,194,758,883,855,707,239,531,580,184,43,148,188,90,111,85,388,182,3963,4083,4091,4091,4091,4092,4092
982,195,194,757,906,892,710,242,527,579,185,43,146,188,90,113,86,390,182,3954,4082,4090,4091,4092,4092,4092
996,195,194,773,918,905,723,243,515,607,192,44,142,191,89,112,85,386,184,3945,4081,4091,4091,4092,4092,4092
1010,195,193,781,915,915,737,247,519,585,186,44,138,191,91,112,86,399,184,3933,4080,4090,4091,4092,4093,4092
1024,195,193,788,921,928,744,250,513,572,196,43,129,188,92,112,85,381,183,3922,4080,4090,4092,4092,4092,4092
1038,195,193,796,938,927,749,245,516,571,197,44,131,189,89,112,87,388,183,3909,4079,4090,4091,4092,4092,4092
1052,195,193,806,935,925,761,249,522,582,201,43,132,184,89,112,86,391,183,3894,4078,4090,4092,4092,4092,4092
1065,195,193,819,953,939,758,247,528,590,192,43,132,177,91,112,86,389,183,3879,4076,4090,4092,4092,4093,4092
1079,195,193,829,960,978,762,249,531,602,187,43,132,173,90,112,85,401,183,3866,4075,4090,4092,4092,4092,4092
1093,195,193,825,960,969,764,247,537,631,190,42,132,170,90,112,86,400,183,3853,4074,4090,4092,4092,4093,4092
1107,195,193,827,963,998,765,247,550,653,188,43,139,174,92,113,87,412,182,3840,4072,4090,4092,4092,4092,4092
1121,195,193,838,965,984,755,248,543,641,197,43,131,175,90,113,86,412,181,3829,4071,4090,4092,4092,4092,4092
1135,195,192,843,956,983,767,254,543,632,201,42,132,171,90,113,85,409,187,3822,4069,4089,4092,4092,4092,4092
1149,195,192,833,950,1009,814,255,542,643,202,43,133,171,89,112,86,399,184,3819,4067,4089,4092,4092,4092,4092
1162,195,192,860,958,1042,810,253,554,638,201,43,138,174,90,112,85,404,183,3817,4066,4089,4092,4092,4092,4092
1176,195,192,862,972,1072,840,252,575,633,211,43,140,175,90,112,86,413,182,3799,4064,4089,4091,4092,4092,4092
1190,195,193,873,959,1082,829,251,567,620,213,43,140,174,91,109,85,415,181,3165,4054,4089,4092,4092,4093,4092
1204,195,193,881,983,1078,839,255,573,615,210,43,143,178,90,110,87,408,182,1693,4036,4089,4092,4092,4092,4092
1218,195,193,898,1005,1053,842,253,564,602,208,42,144,175,89,111,86,416,185,1005,4025,4089,4092,4092,4092,4092
1232,195,192,882,1031,1082,835,246,571,605,209,43,135,181,90,112,87,412,183,696,4019,4089,4092,4092,4092,4092
1245,195,192,896,1033,1076,849,247,556,620,204,42,142,182,91,112,85,411,182,536,4013,4089,4092,4092,4092,4092
1259,195,192,910,1049,1086,833,247,559,616,201,42,146,183,90,114,85,404,185,508,4011,4089,4092,4092,4093,4092
1273,195,192,917,1067,1123,868,245,552,631,193,42,143,177,90,112,86,406,180,472,4009,4089,4092,4092,4092,4092
1287,195,193,924,1069,1136,845,243,535,624,197,42,143,179,90,112,86,412,184,493,4008,4089,4092,4092,4092,4092
1301,195,193,908,1076,1121,820,244,529,621,203,42,144,180,90,111,85,407,183,503,4007,4088,4092,4092,4092,4092
1315,195,193,913,1061,1125,834,242,504,598,206,43,139,187,89,111,85,401,183,510,4007,4089,4092,4092,4092,4092
1328,195,193,928,1077,1125,828,244,511,602,213,43,141,192,90,110,85,401,185,496,4005,4089,4092,4092,4093,4092
1342,195,193,936,1077,1146,812,242,498,570,214,43,141,188,91,111,86,396,182,486,4003,4088,4092,4092,4092,4092
1356,195,193,937,1108,1156,834,249,512,560,201,42,140,186,91,111,86,397,182,465,4000,4088,4092,4092,4093,4092
1370,195,193,950,1119,1145,877,243,512,558,208,42,144,185,91,111,86,400,184,459,3998,4088,4092,4092,4092,4092
1384,195,193,951,1118,1195,882,245,515,568,202,43,140,190,91,113,86,410,185,464,3995,4088,4092,4092,4093,4092
1398,195,194,952,1142,1136,879,242,507,585,200,42,139,187,90,113,85,403,181,483,3993,4088,4092,4092,4092,4092
1412,195,193,963,1160,1164,886,242,507,573,197,42,140,180,91,113,87,405,181,501,3990,4088,4092,4092,4093,4092
1425,195,193,989,1167,1172,889,244,503,559,193,42,140,185,90,112,86,394,185,496,3987,4087,4092,4092,4092,4092
1439,195,194,981,1174,1221,886,243,505,570,182,42,136,177,90,112,85,397,180,475,3984,4087,4092,4092,4092,4092
1453,195,194,967,1172,1227,915,242,513,560,187,42,138,183,91,113,86,392,182,472,3980,4087,4092,4092,4093,4092
1467,195,193,984,1180,1231,911,241,509,555,188,42,141,174,89,114,87,392,181,474,3977,4086,4092,4092,4092,4092
1481,195,193,979,1194,1217,923,241,514,568,192,43,140,176,90,113,87,392,182,474,3974,4086,4092,4092,4093,4092
1495,195,193,986,1220,1220,920,240,513,555,188,43,145,178,90,114,86,393,181,481,3971,4086,4092,4092,4092,4092
1508,195,193,977,1219,1230,960,243,503,556,185,43,145,175,90,113,87,402,182,485,3967,4085,4092,4092,4093,4092
1522,195,193,979,1244,1273,952,241,513,563,184,43,143,179,91,112,86,405,187,486,3963,4085,4092,4092,4093,4092
1536,195,193,997,1249,1294,947,240,514,559,184,43,139,178,90,113,86,410,177,484,3960,4084,4092,4092,4093,4092
1550,195,193,994,1282,1253,929,240,511,576,186,43,140,182,91,113,87,419,179,484,3955,4084,4092,4092,4093,4092
1564,194,193,1009,1287,1274,928,240,513,573,187,43,137,187,93,112,86,411,181,493,3951,4083,4092,4092,4093,4092
1578,194,193,1014,1282,1291,932,240,512,562,186,43,136,189,90,112,87,410,183,501,3947,4083,4092,4092,4092,4092
1592,194,193,1013,1298,1273,927,240,510,558,190,43,138,181,88,112,87,422,183,502,3942,4082,4092,4092,4093,4092
1605,194,193,1018,1313,1274,940,241,509,565,188,44,137,184,91,112,88,419,182,501,3936,4081,4092,4092,4092,4092
1619,194,193,1012,1317,1269,945,242,503,558,191,44,136,183,91,111,88,413,181,510,3931,4081,4092,4092,4092,4092
1633,195,193,1022,1293,1290,954,242,501,565,189,44,137,186,92,113,86,401,178,494,3925,4080,4092,4092,4093,4092
1647,195,193,1015,1310,1301,938,241,501,569,192,44,135,181,90,112,87,408,180,516,3919,4080,4092,4092,4092,4092
1661,195,193,1019,1301,1248,944,241,494,556,193,44,136,176,90,111,86,415,180,502,3913,4079,4092,4092,4092,4092
1675,195,193,1008,1307,1270,950,239,490,564,188,44,133,179,90,114,87,405,181,509,3906,4079,4092,4092,4093,4092
1688,195,193,1035,1313,1352,940,239,487,560,187,43,133,179,91,113,86,410,181,506,3900,4078,4092,4092,4092,4092
1702,194,194,1053,1347,1304,916,239,491,548,190,44,133,173,89,114,85,412,182,501,3893,4078,4092,4092,4092,4092
1716,194,194,1050,1360,1277,929,239,483,551,192,44,133,172,90,114,86,387,182,508,3885,4077,4092,4092,4092,4092
1730,194,193,1039,1362,1307,944,236,484,553,187,43,132,175,93,113,86,396,181,515,3876,4077,4092,4092,4093,4092
1744,195,194,1060,1370,1308,927,237,489,562,186,44,133,172,91,114,86,402,181,526,3869,4076,4092,4092,4093,4092
1758,194,194,1051,1374,1310,925,236,491,556,185,44,134,171,92,114,85,409,182,506,3861,4076,4092,4092,4093,4092
1771,195,194,1057,1378,1360,929,236,487,563,185,44,135,173,90,113,86,413,182,514,3852,4075,4092,4092,4093,4092
1785,195,194,1078,1397,1331,924,234,494,564,183,43,134,171,90,113,85,404,182,515,3844,4074,4092,4092,4093,4092
1799,195,194,1092,1408,1348,918,236,495,567,185,43,135,176,92,113,87,395,183,509,3836,4074,4092,4092,4092,4092
1813,195,194,1080,1420,1397,886,238,494,559,182,43,136,168,90,112,86,409,183,508,3826,4073,4092,4092,4092,4092
1827,195,194,1097,1432,1364,879,238,497,565,184,44,136,176,90,111,86,412,183,518,3819,4073,4091,4092,4092,4092
1841,195,194,1092,1444,1322,863,239,497,552,186,44,137,173,90,112,86,414,182,508,3811,4072,4091,4092,4092,4092
1855,194,194,1098,1451,1331,868,236,497,554,188,44,136,176,89,112,87,422,183,511,3804,4071,4091,4092,4093,4092
1868,194,194,1106,1443,1339,859,241,493,557,188,44,136,175,91,112,86,418,180,511,3797,4071,4091,4092,4092,4092
1882,194,194,1114,1427,1315,840,238,491,562,186,44,135,176,91,113,86,430,180,506,3792,4070,4091,4092,4092,4092
0,190,190,1164,1534,1307,839,238,497,563,183,44,135,177,90,111,85,397,176,505,1370,4038,4091,4092,4092,4092
13,192,192,1191,1552,1340,840,240,493,575,988,49,38,31,189,46,75,156,216,267,181,202,88,194,85,139
27,117,169,97,180,126,708,79,236,221,38,53,37,31,193,47,77,157,217,269,182,203,89,194,85,140
41,117,169,98,180,126,707,80,237,222,37,53,37,31,192,47,76,157,218,269,183,204,89,195,86,141
55,118,170,98,180,126,707,80,238,222,38,53,37,31,191,47,75,157,218,270,183,204,90,195,86,141
69,118,170,99,180,126,707,80,238,223,38,53,38,32,192,47,76,157,218,270,183,205,90,195,86,142
83,118,170,99,181,126,707,80,238,223,38,53,38,32,192,47,77,157,218,270,183,205,90,196,86,142
96,118,170,99,181,127,705,80,238,222,37,52,37,31,187,46,76,157,219,271,184,205,90,196,86,142
110,118,171,99,181,127,706,80,238,224,38,53,37,31,188,46,75,157,219,271,184,205,90,196,86,142
124,119,171,99,181,127,706,80,239,223,37,52,37,31,189,46,75,158,219,271,184,206,90,196,87,143
138,119,171,99,181,127,705,80,239,224,38,52,37,31,190,46,75,158,219,271,184,206,90,196,87,143
152,119,171,99,181,127,705,80,239,223,37,51,37,31,186,45,74,158,219,271,184,206,90,197,87,143
166,119,171,99,181,127,705,80,239,224,37,52,37,31,188,46,75,158,220,272,184,206,91,197,87,143
179,119,172,100,181,127,705,80,239,224,37,52,37,31,189,46,75,158,220,272,184,206,91,197,87,143
