
DMR Smart Settling


Timestamp, LDR1, LDR2, LDR3, LDR4, LDR5, LDR6, LDR7, LDR8, LDR9, LDR10, LDR11, LDR12, LDR13, LDR14, LDR15, LDR16, LDR17, LDR18, LDR19, LDR20, LDR21, LDR22, LDR23, LDR24, LDR25

0,2683,3996,4072,4083,4087,4087,4086,4081,4042,4039,4037,4036,4037,4041,4042,4036,4090,4089,4091,4091,4091,4089,4088,4092,4086
13,1344,3994,4070,4084,4087,4088,4088,4084,4049,4045,4043,4043,4043,4046,4046,4041,4090,4089,4091,4091,4091,4089,4089,4092,4089
27,1623,3978,4062,4083,4086,4088,4088,4084,4049,4046,4044,4043,4043,4045,4045,4039,4090,4089,4092,4092,4091,4089,4088,4092,4089
41,1710,3962,4055,4081,4086,4088,4088,4085,4050,4047,4046,4048,4049,4052,4052,4047,4091,4090,4092,4092,4091,4090,4090,4092,4091
55,1811,3940,4047,4081,4087,4089,4089,4086,4058,4055,4053,4050,4049,4051,4050,4044,4090,4090,4092,4092,4091,4090,4090,4092,4091
69,1885,3865,4032,4077,4086,4088,4088,4085,4050,4048,4045,4045,4044,4046,4047,4041,4090,4090,4092,4092,4091,4090,4090,4092,4092
83,1962,2822,4003,4073,4085,4087,4087,4085,4049,4045,4042,4043,4043,4046,4046,4040,4090,4090,4092,4091,4091,4090,4090,4092,4092
96,1992,912,3963,4068,4084,4087,4087,4085,4049,4044,4042,4043,4043,4045,4046,4040,4090,4089,4091,4091,4091,4090,4090,4092,4092
110,2019,906,3935,4061,4082,4087,4086,4085,4049,4045,4042,4043,4044,4046,4046,4040,4090,4089,4092,4091,4092,4091,4090,4093,4092
124,2049,926,3874,4048,4080,4087,4086,4085,4049,4045,4042,4043,4044,4046,4046,4040,4090,4089,4092,4091,4092,4091,4091,4093,4092
138,2169,953,3830,4033,4076,4086,4086,4085,4050,4046,4043,4045,4045,4047,4047,4041,4090,4090,4092,4091,4092,4091,4091,4093,4092
152,2174,990,1075,3976,4069,4085,4085,4084,4052,4048,4044,4046,4047,4049,4049,4043,4090,4090,4092,4091,4092,4091,4091,4093,4092
166,2196,1059,469,3931,4057,4083,4085,4084,4053,4049,4046,4048,4048,4050,4050,4045,4090,4090,4091,4092,4092,4091,4091,4093,4092
179,2211,1088,475,3878,4042,4081,4084,4084,4054,4050,4048,4049,4048,4051,4051,4046,4091,4090,4091,4092,4092,4092,4092,4093,4092
193,2232,1128,478,3805,4026,4077,4085,4084,4053,4049,4047,4048,4047,4050,4050,4045,4090,4089,4092,4092,4092,4092,4092,4093,4092
207,2236,1191,531,1156,3959,4072,4084,4084,4052,4049,4047,4047,4048,4049,4050,4045,4090,4090,4092,4092,4092,4092,4092,4093,4092
221,2250,1179,579,721,3910,4062,4082,4084,4054,4051,4049,4049,4049,4051,4051,4046,4090,4090,4092,4092,4092,4092,4092,4093,4092
235,2251,1230,560,700,3824,4048,4079,4083,4054,4051,4048,4049,4049,4051,4051,4046,4091,4090,4092,4092,4092,4092,4092,4093,4092
249,2260,1259,554,698,3600,4026,4072,4082,4056,4052,4051,4051,4052,4053,4053,4048,4091,4091,4092,4092,4092,4092,4093,4093,4093
263,2256,1314,577,739,690,3956,4063,4081,4054,4051,4050,4050,4051,4053,4053,4048,4091,4091,4092,4092,4092,4092,4093,4093,4093
276,2262,1300,569,839,610,3880,4052,4080,4055,4051,4049,4048,4049,4051,4051,4046,4090,4091,4092,4092,4092,4092,4092,4093,4092
290,2250,1313,598,892,602,3791,4030,4077,4053,4050,4047,4048,4049,4050,4050,4046,4091,4091,4092,4092,4093,4093,4093,4093,4092
304,2249,1337,571,911,693,629,3959,4072,4049,4045,4043,4044,4044,4046,4046,4043,4091,4091,4092,4093,4092,4093,4093,4093,4092
318,2243,1386,617,883,738,660,3908,4063,4047,4043,4041,4042,4042,4044,4044,4041,4091,4091,4092,4093,4092,4093,4093,4093,4092
332,2248,1432,598,901,782,640,3791,4052,4043,4040,4038,4039,4038,4040,4040,4037,4091,4091,4092,4093,4093,4092,4093,4093,4092
346,2245,1466,616,939,794,713,1919,4013,4037,4033,4031,4033,4032,4034,4034,4031,4092,4091,4092,4092,4092,4093,4093,4093,4092
359,2247,1463,652,943,805,783,248,3970,4031,4028,4026,4027,4027,4028,4028,4025,4091,4091,4092,4093,4092,4092,4093,4093,4092
373,2250,1466,667,922,823,835,239,3928,4015,4011,4010,4012,4012,4014,4015,4012,4091,4091,4092,4093,4092,4092,4093,4092,4092
387,2256,1483,696,939,854,838,238,3858,3997,3992,3991,3993,3992,3993,3992,3988,4091,4092,4092,4093,4092,4093,4092,4093,4093
401,2245,1578,704,971,818,874,240,1405,3938,3960,3960,3961,3960,3957,3954,3950,4091,4092,4093,4092,4092,4093,4093,4093,4092
415,2252,1573,778,937,841,857,241,682,3872,3895,3895,3894,3893,3891,3888,3883,4090,4092,4092,4093,4093,4093,4092,4093,4092
429,2261,1637,793,1107,859,886,245,578,3798,3818,3818,3817,3814,3810,3806,3799,4089,4092,4092,4093,4093,4092,4093,4093,4093
442,2264,1600,865,1135,826,912,248,597,3670,3686,3687,3684,3681,3677,3673,3666,4087,4092,4092,4093,4092,4093,4093,4093,4092
456,2267,1588,795,1096,825,913,243,623,3509,3581,3603,3608,3608,3607,3606,3602,4087,4092,4092,4092,4092,4092,4092,4093,4092
470,2268,1622,829,1219,857,900,245,613,1422,3348,3546,3564,3569,3571,3571,3569,4086,4092,4092,4093,4092,4093,4093,4093,4092
484,2265,1621,885,1211,951,851,241,580,895,3250,3504,3529,3534,3537,3538,3537,4086,4092,4092,4093,4092,4093,4093,4093,4092
498,2275,1614,868,1353,965,853,246,600,888,3207,3481,3509,3516,3520,3521,3519,4086,4092,4092,4092,4092,4093,4093,4093,4093
512,2268,1624,848,1284,1017,820,246,576,931,3093,3388,3420,3426,3431,3434,3430,4084,4092,4092,4093,4093,4093,4092,4093,4093
525,2271,1628,869,1428,1063,833,245,582,936,2817,3321,3387,3397,3401,3401,3401,4084,4092,4093,4092,4092,4093,4093,4093,4092
539,2272,1630,886,1370,1083,886,239,632,969,452,3135,3331,3346,3352,3354,3353,4083,4092,4093,4093,4093,4093,4092,4093,4093
553,2277,1633,868,1448,1111,969,242,532,893,422,3120,3314,3329,3332,3332,3330,4083,4092,4093,4093,4093,4093,4093,4093,4093
567,2279,1660,875,1452,1150,999,242,619,888,324,3056,3282,3297,3301,3300,3298,4082,4092,4093,4093,4092,4092,4093,4093,4092
581,2282,1636,901,1515,1149,1005,237,606,825,332,2995,3248,3264,3268,3268,3265,4082,4092,4092,4093,4093,4092,4092,4093,4093
595,2283,1645,900,1534,1211,1116,243,612,879,355,2899,3190,3211,3215,3215,3212,4081,4092,4093,4093,4093,4092,4093,4093,4093
609,2275,1661,956,1497,1199,1170,251,610,851,332,2796,3155,3190,3197,3198,3197,4081,4092,4092,4093,4093,4093,4093,4093,4092
622,2274,1669,939,1590,1179,1218,251,573,852,290,886,3023,3163,3172,3174,3172,4081,4092,4092,4093,4092,4093,4093,4093,4093
636,2272,1693,954,1603,1154,1213,253,582,793,312,57,2972,3154,3163,3164,3163,4081,4092,4092,4093,4093,4093,4093,4093,4092
650,2273,1707,1014,1534,1309,1113,254,585,800,304,40,2938,3131,3142,3143,3142,4080,4092,4093,4093,4093,4092,4093,4093,4092
664,2273,1727,986,1616,1354,1264,260,628,747,303,39,2909,3117,3130,3131,3129,4080,4092,4092,4093,4092,4093,4092,4093,4092
678,2272,1706,975,1624,1291,1316,249,649,751,280,39,2871,3098,3115,3116,3114,4080,4092,4092,4093,4093,4092,4093,4093,4092
692,2270,1719,978,1642,1301,1295,255,694,809,268,40,2819,3071,3093,3094,3092,4080,4092,4092,4093,4092,4093,4093,4093,4093
705,2271,1734,978,1646,1247,1403,262,509,814,259,39,2751,3040,3070,3073,3071,4080,4092,4092,4093,4092,4093,4093,4093,4092
719,2268,1685,1016,1611,1271,1346,257,734,878,250,39,2626,3004,3045,3048,3046,4079,4092,4093,4092,4092,4093,4092,4093,4092
733,2262,1737,1023,1733,1374,1376,257,711,854,246,40,628,2876,3023,3030,3030,4079,4092,4093,4093,4093,4093,4092,4093,4092
747,2257,1732,1024,1749,1241,1401,266,756,923,181,38,126,2827,3005,3012,3013,4079,4092,4093,4093,4093,4093,4092,4093,4093
761,2258,1750,991,1748,1300,1365,260,771,973,255,38,259,2822,2995,3004,3004,4079,4092,4093,4093,4093,4092,4093,4093,4092
775,2256,1745,1035,1819,1340,1338,261,741,973,265,38,243,2802,2993,3001,3000,4078,4092,4093,4092,4092,4092,4093,4093,4093
788,2256,1756,1054,1723,1343,1324,265,806,1056,281,38,228,2772,2979,2990,2990,4078,4092,4092,4093,4092,4093,4092,4093,4092
802,2252,1781,1047,1754,1358,1453,268,795,1072,284,39,232,2736,2963,2976,2975,4078,4092,4092,4093,4092,4092,4093,4093,4093
816,2257,1792,1041,1745,1386,1521,267,832,1076,315,38,221,2680,2938,2953,2953,4078,4092,4092,4093,4093,4092,4093,4093,4092
830,2259,1798,1031,1767,1362,1403,265,829,1127,307,38,216,2615,2910,2929,2927,4077,4092,4093,4093,4092,4093,4093,4093,4092
844,2256,1835,1060,1742,1412,1392,263,790,1153,333,38,197,2520,2881,2907,2903,4077,4093,4093,4093,4092,4093,4093,4093,4093
858,2253,1822,1079,1767,1358,1398,269,837,1106,323,38,174,2211,2833,2879,2885,4077,4093,4092,4093,4092,4093,4093,4093,4092
871,2259,1826,1067,1772,1465,1509,267,744,1126,334,37,171,467,2745,2873,2876,4077,4093,4093,4092,4092,4093,4093,4093,4092
885,2262,1817,1053,1809,1341,1457,267,832,1143,350,37,174,409,2737,2862,2865,4077,4092,4093,4093,4092,4093,4092,4093,4092
899,2263,1851,1054,1877,1379,1475,269,825,1161,353,37,163,428,2718,2849,2852,4076,4092,4093,4093,4092,4093,4093,4093,4093
913,2266,1814,1031,1711,1405,1497,265,861,1097,379,37,171,389,2698,2840,2845,4076,4092,4092,4093,4093,4092,4093,4093,4093
927,2264,1886,1082,1801,1424,1529,269,855,1163,362,37,176,368,2676,2832,2836,4076,4092,4093,4093,4093,4092,4093,4093,4092
941,2264,1878,1079,1716,1384,1394,269,867,1131,378,37,183,353,2652,2823,2828,4076,4092,4092,4093,4092,4093,4093,4093,4093
955,2262,1881,1096,1782,1398,1422,268,854,1114,375,37,182,320,2628,2814,2821,4076,4092,4092,4093,4092,4093,4093,4093,4093
968,2258,1835,1095,1778,1466,1377,270,863,1145,375,37,178,283,2599,2803,2811,4076,4092,4092,4093,4092,4093,4093,4093,4092
982,2258,1891,1067,1781,1436,1475,269,806,1181,381,37,197,265,2561,2790,2802,4076,4092,4092,4093,4093,4093,4092,4093,4092
996,2255,1875,1079,1817,1428,1450,265,867,1202,383,37,194,259,2452,2767,2789,4075,4093,4092,4092,4093,4093,4093,4093,4092
1010,2256,1905,1066,1754,1408,1414,271,863,1150,384,36,198,241,2229,2739,2777,4075,4092,4092,4093,4092,4092,4092,4093,4092
1024,2252,1925,1090,1840,1494,1407,266,858,1184,335,36,196,272,1828,2708,2767,4075,4092,4093,4093,4092,4093,4093,4093,4092
1038,2254,1889,1087,1685,1493,1438,267,869,1122,360,36,200,268,164,2668,2772,4075,4092,4093,4093,4092,4093,4093,4093,4092
1051,2252,1910,1113,1855,1472,1502,266,815,1152,351,36,201,316,80,2668,2769,4075,4093,4092,4093,4093,4093,4092,4093,4092
1065,2255,1919,1082,1967,1435,1468,263,812,1137,366,36,208,301,76,2667,2769,4075,4092,4092,4093,4092,4093,4093,4093,4092
1079,2249,1931,1089,1936,1461,1594,265,839,1099,373,36,206,338,83,2666,2768,4075,4093,4092,4093,4092,4093,4093,4093,4093
1093,2248,1966,1114,1981,1517,1531,269,827,1103,370,36,203,320,82,2658,2762,4075,4092,4092,4093,4093,4092,4093,4093,4092
1107,2250,1958,1108,1986,1452,1506,267,809,1073,356,36,200,334,83,2648,2755,4075,4093,4093,4093,4092,4093,4093,4093,4092
1121,2252,1957,1084,2050,1454,1496,269,769,1109,381,36,206,352,81,2632,2746,4075,4092,4092,4093,4093,4093,4093,4093,4092
1134,2248,1929,1075,2027,1551,1463,268,811,1102,341,36,216,351,81,2614,2736,4075,4092,4092,4092,4093,4093,4093,4093,4093
1148,2254,1965,1081,1962,1564,1518,268,776,1030,350,36,209,342,81,2592,2724,4074,4092,4092,4092,4093,4093,4093,4093,4092
1162,2253,1992,1085,1996,1512,1632,265,819,1031,367,36,225,361,81,2571,2713,4074,4092,4092,4093,4093,4093,4093,4093,4093
1176,2249,2028,1112,1989,1513,1376,269,811,949,359,35,222,363,81,2541,2698,4074,4092,4092,4093,4092,4093,4093,4093,4092
1190,2250,2011,1086,1976,1543,1608,267,826,1028,366,36,227,381,81,2489,2680,4074,4093,4092,4092,4093,4092,4093,4093,4092
1204,2250,1993,1046,1898,1513,1604,269,841,1075,355,35,233,350,80,2385,2658,4073,4092,4092,4093,4092,4093,4093,4093,4092
1217,2251,2001,1102,1855,1570,1623,268,811,1070,343,35,223,366,81,2194,2634,4073,4092,4092,4092,4092,4092,4093,4093,4093
1231,2250,2005,1113,1905,1546,1588,268,817,1114,331,35,239,357,81,848,2575,4073,4093,4092,4093,4093,4092,4093,4093,4093
1245,2252,2044,1116,2031,1589,1667,271,817,1129,318,35,219,337,82,162,2548,4073,4092,4092,4093,4093,4093,4093,4093,4092
1259,2250,2050,1100,1979,1537,1678,267,815,1086,345,35,233,348,80,114,2545,4072,4092,4092,4093,4092,4092,4093,4093,4093
1273,2245,2090,1090,1914,1552,1564,268,805,1084,339,35,228,342,80,108,2540,4072,4092,4092,4093,4092,4092,4093,4093,4092
1287,2245,2095,1059,2055,1551,1579,270,841,1024,349,35,214,345,82,104,2533,4071,4092,4092,4093,4092,4093,4093,4093,4092
1301,2244,2088,1090,2006,1579,1729,270,845,1124,359,35,203,330,81,101,2527,4071,4093,4093,4092,4092,4093,4093,4093,4092
1314,2238,2101,1076,2013,1604,1640,268,865,1166,359,35,206,343,80,99,2518,4070,4092,4092,4093,4092,4093,4093,4093,4092
1328,2242,2112,1065,2090,1528,1619,273,817,1160,336,35,215,345,81,101,2504,4069,4092,4092,4093,4093,4093,4093,4093,4092
1342,2238,2073,1101,2088,1540,1573,270,806,1175,352,35,201,364,80,103,2495,4068,4092,4092,4093,4092,4093,4093,4093,4092
1356,2243,2094,1097,2020,1576,1491,271,861,1188,362,35,212,349,81,103,2493,4068,4092,4092,4093,4092,4093,4092,4093,4093
1370,2243,2093,1113,2005,1474,1626,270,846,1198,360,35,212,349,81,104,2481,4067,4092,4092,4093,4093,4092,4093,4093,4092
1384,2246,2116,1120,2107,1478,1496,269,857,1131,380,35,216,278,80,104,2466,4066,4092,4092,4093,4092,4093,4093,4093,4092
1397,2247,2075,1076,2062,1481,1535,271,852,1097,397,35,208,333,79,104,2449,4066,4092,4092,4093,4092,4093,4092,4093,4092
1411,2245,2130,1081,2081,1562,1409,271,907,1193,362,35,212,340,79,105,2425,4065,4092,4092,4093,4092,4093,4092,4093,4092
1425,2245,2152,1077,2112,1433,1522,270,871,1147,396,35,218,350,82,104,2402,4065,4092,4093,4093,4093,4093,4093,4093,4093
1439,2246,2142,1077,2042,1493,1489,266,856,1155,399,35,203,335,80,105,2383,4065,4092,4092,4093,4092,4093,4093,4093,4092
1453,2242,2143,1079,2037,1513,1474,266,865,1192,391,35,208,342,80,105,2362,4064,4092,4092,4093,4092,4093,4093,4093,4093
1467,2239,2094,1080,2062,1545,1515,268,841,1187,370,35,210,327,80,104,2328,4063,4092,4093,4093,4093,4092,4093,4093,4092
1480,2248,2127,1084,2065,1571,1500,268,859,1126,399,35,214,324,80,105,2312,4061,4092,4093,4093,4092,4092,4093,4093,4093
1494,2246,2160,1090,2031,1557,1497,264,861,1111,405,35,215,342,78,104,2279,4059,4092,4092,4093,4092,4093,4093,4093,4092
1508,2247,2182,1119,2018,1597,1547,272,804,1072,420,34,194,335,79,105,2200,4057,4092,4093,4093,4092,4093,4093,4092,4092
1522,2248,2182,1101,2081,1555,1490,267,839,1076,372,34,210,342,80,105,2064,4053,4092,4092,4093,4092,4093,4093,4093,4092
1536,2251,2180,1097,1909,1532,1526,270,825,1145,367,34,223,352,80,104,1737,4047,4092,4092,4092,4092,4093,4092,4093,4093
1550,2247,2191,1105,1988,1596,1540,271,841,1102,361,34,199,348,79,103,954,4035,4092,4093,4093,4092,4093,4092,4093,4092
1563,2251,2200,1106,2079,1563,1525,266,851,1078,352,34,224,358,79,103,544,4028,4092,4092,4093,4093,4093,4093,4093,4093
1577,2255,2177,1089,2024,1554,1568,270,841,1060,349,34,225,343,79,102,370,4023,4092,4092,4093,4092,4092,4093,4093,4092
1591,2259,2159,1105,1993,1586,1564,270,851,1037,338,34,203,365,77,102,192,4018,4092,4092,4093,4092,4093,4092,4093,4093
1605,2254,2198,1117,2152,1631,1522,269,844,1075,361,34,225,347,78,102,89,4014,4091,4092,4093,4092,4093,4093,4093,4092
1619,2254,2186,1109,2131,1577,1542,270,807,1069,368,34,227,357,78,100,70,4012,4091,4092,4093,4092,4093,4093,4093,4092
1633,2251,2203,1108,2117,1518,1574,268,847,1046,356,34,219,368,77,101,73,4010,4091,4092,4093,4092,4092,4093,4093,4092
1647,2256,2219,1104,2045,1587,1588,270,841,1070,341,34,214,352,77,101,76,4007,4091,4093,4093,4092,4093,4093,4093,4092
1660,2260,2216,1109,1953,1596,1557,269,863,1067,337,34,221,361,77,102,77,4003,4090,4092,4093,4093,4093,4093,4093,4092
1674,2260,2228,1134,2069,1638,1570,267,852,1013,347,34,228,356,78,101,78,4000,4090,4092,4093,4093,4093,4093,4093,4093
1688,2261,2236,1133,2081,1604,1466,267,844,1011,352,34,216,389,78,101,78,3996,4090,4092,4092,4092,4093,4093,4093,4092
1702,2255,2250,1148,2123,1610,1522,264,844,1007,353,34,215,381,78,102,78,3991,4089,4092,4093,4093,4093,4093,4093,4093
1716,2261,2252,1138,2139,1546,1505,266,820,1001,325,34,210,358,77,100,79,3985,4088,4092,4093,4093,4093,4093,4093,4093
1730,2263,2242,1144,2003,1608,1499,267,808,971,340,34,202,363,78,102,79,3980,4088,4092,4093,4092,4093,4093,4093,4093
1743,2263,2249,1140,2175,1571,1509,267,750,1014,347,34,206,362,78,101,79,3973,4087,4092,4093,4092,4093,4093,4093,4093
1757,2269,2241,1139,2096,1647,1478,267,804,1003,335,34,214,341,78,102,80,3964,4087,4092,4093,4092,4092,4092,4093,4093
1771,2270,2260,1139,2137,1628,1559,266,785,1024,335,34,200,324,77,102,80,3954,4086,4092,4092,4092,4092,4092,4093,4092
1785,2280,2260,1125,2051,1617,1502,267,795,980,325,34,199,300,78,102,79,3944,4085,4092,4093,4092,4093,4092,4093,4092
1799,2278,2271,1149,2047,1625,1516,268,814,954,346,34,198,291,78,101,81,3933,4085,4092,4093,4093,4093,4093,4093,4093
1813,2276,2274,1155,1935,1613,1483,267,811,984,301,34,203,323,78,101,79,3921,4085,4092,4092,4092,4093,4092,4093,4092
1826,2280,2270,1156,2132,1568,1460,268,796,968,322,34,207,335,77,99,79,3910,4084,4092,4092,4092,4093,4092,4093,4092
1840,2280,2266,1155,2189,1592,1436,268,816,990,318,34,204,317,75,99,79,3896,4084,4092,4092,4092,4092,4092,4093,4092
1854,2274,2272,1144,2140,1578,1364,265,790,930,311,34,201,340,76,99,79,3885,4083,4092,4092,4093,4092,4092,4093,4092
0,207,258,3797,3969,4040,4071,4072,4071,3969,3959,3951,3952,3952,3959,3959,3942,4080,4078,4085,4084,4084,4081,4078,4086,4076
13,202,297,3778,3957,4030,4069,4072,4073,3974,3963,3956,3958,3957,3964,3967,3954,4081,4079,4086,4085,4082,4080,4078,4086,4078
27,204,317,2821,3914,4016,4064,4070,4074,3976,3963,3943,3951,3954,3961,3964,3951,4082,4079,4085,4084,4082,4080,4078,4086,4080
41,202,326,2039,3856,3993,4058,4066,4072,3978,3967,3958,3961,3963,3970,3973,3963,4083,4080,4086,4084,4082,4081,4079,4087,4083
55,191,338,2250,3552,3938,4040,4060,4070,3985,3973,3967,3969,3969,3974,3977,3966,4083,4079,4085,4085,4083,4083,4081,4088,4084
69,192,364,2305,651,3812,4005,4047,4063,3976,3965,3960,3962,3959,3964,3965,3952,4081,4078,4086,4085,4083,4084,4084,4089,4086
83,206,386,3070,618,596,3871,4009,4056,3966,3954,3948,3951,3949,3955,3956,3944,4080,4080,4087,4086,4084,4086,4085,4091,4087
96,211,385,3209,604,552,3603,3923,4034,3948,3937,3932,3933,3930,3939,3939,3923,4080,4082,4088,4087,4086,4087,4087,4091,4089
110,213,364,3253,599,553,576,3618,3984,3923,3906,3898,3901,3902,3903,3901,3886,4084,4085,4090,4089,4089,4088,4088,4092,4090
124,204,349,3313,600,526,561,245,3825,3825,3779,3782,3790,3782,3782,3777,3762,4084,4086,4090,4090,4090,4089,4089,4092,4090
138,199,338,3317,689,547,566,253,450,3550,3519,3525,3529,3510,3497,3487,3482,4080,4087,4091,4091,4091,4090,4090,4092,4091
152,196,334,3370,619,519,532,273,526,704,2971,3223,3290,3304,3315,3314,3304,4078,4088,4091,4091,4091,4090,4091,4092,4091
166,192,325,3550,631,548,644,271,477,591,234,2854,3124,3155,3162,3160,3149,4077,4088,4092,4092,4092,4091,4091,4093,4091
180,188,309,3560,627,550,569,244,477,566,197,458,2831,2996,3024,3032,3028,4076,4089,4092,4092,4092,4091,4091,4093,4092
194,186,299,3589,602,574,615,259,491,587,185,44,2639,2892,2954,2959,2952,4076,4090,4092,4093,4092,4092,4092,4092,4092
207,179,291,3586,685,565,561,242,476,543,185,50,192,2615,2842,2864,2863,4075,4091,4092,4093,4092,4092,4092,4093,4092
221,173,288,3569,705,614,535,253,485,514,178,46,136,2288,2703,2756,2758,4073,4091,4092,4093,4092,4092,4092,4093,4092
235,166,298,3550,722,605,581,255,485,535,169,44,128,234,2580,2749,2753,4074,4091,4092,4093,4092,4092,4092,4093,4092
249,164,302,3557,737,623,571,234,506,539,167,43,138,273,2455,2671,2684,4073,4091,4092,4093,4092,4092,4092,4093,4092
263,165,281,3545,751,619,579,252,521,531,163,42,132,158,166,2564,2669,4072,4092,4093,4092,4092,4092,4092,4093,4092
277,170,267,3551,764,646,585,246,555,503,177,42,141,184,82,2553,2664,4072,4092,4092,4093,4092,4092,4092,4093,4092
291,170,259,3561,775,665,587,244,496,577,164,42,130,200,84,2488,2626,4070,4092,4092,4093,4092,4093,4092,4093,4092
304,170,256,3550,751,653,608,244,489,558,203,44,123,205,86,2201,2563,4068,4092,4092,4093,4093,4093,4092,4093,4092
318,171,254,3536,800,682,638,242,492,556,175,46,127,187,80,109,2452,4066,4091,4092,4093,4093,4092,4093,4093,4092
332,170,251,3566,816,683,631,237,504,553,175,42,121,165,77,103,2434,4063,4091,4092,4093,4092,4092,4092,4093,4092
346,170,248,3570,816,714,633,240,522,568,177,40,121,153,85,104,2371,4058,4091,4092,4093,4092,4092,4093,4093,4092
360,171,246,3562,812,735,671,242,504,543,176,40,123,159,75,102,2294,4054,4091,4092,4093,4092,4093,4093,4093,4092
374,170,244,3562,846,771,677,251,527,537,181,40,116,154,75,102,2171,4048,4090,4092,4092,4092,4092,4093,4093,4092
387,171,243,3554,818,784,708,244,514,559,175,38,119,160,81,100,1654,4035,4089,4092,4092,4092,4093,4092,4093,4092
401,171,242,3549,842,791,715,246,525,562,179,38,118,160,76,98,74,4010,4086,4092,4092,4092,4092,4093,4093,4092
415,171,241,3553,846,791,764,243,552,557,176,38,121,162,80,98,79,3997,4084,4092,4092,4092,4093,4093,4093,4092
429,171,241,3544,873,799,774,249,565,592,182,39,126,150,78,100,79,3976,4082,4092,4092,4093,4093,4092,4093,4093
443,170,241,3536,871,853,827,244,558,636,175,39,124,157,77,99,75,3946,4079,4092,4092,4092,4092,4093,4093,4092
457,170,241,3528,873,883,791,246,568,622,179,39,125,171,78,100,77,3908,4076,4092,4092,4092,4092,4092,4093,4092
470,170,240,3530,942,879,809,248,558,629,183,38,121,145,80,96,77,3867,4072,4092,4092,4092,4092,4092,4092,4092
484,170,240,3523,908,835,813,251,576,643,202,38,119,161,78,101,78,3830,4067,4092,4092,4092,4092,4092,4092,4092
498,170,240,3512,947,865,926,247,571,631,201,38,118,158,76,98,75,3683,4060,4092,4092,4092,4092,4092,4092,4092
512,170,240,3504,968,891,823,256,594,616,203,38,124,164,76,95,75,919,4022,4091,4092,4092,4092,4092,4092,4092
526,170,240,3477,954,843,858,256,621,646,192,38,132,169,76,96,72,428,4008,4091,4092,4092,4092,4092,4092,4092
540,170,239,3467,1018,859,756,250,606,670,202,37,125,171,77,98,74,566,4002,4091,4092,4092,4092,4092,4092,4092
553,170,240,3461,1011,876,891,257,621,678,205,37,132,172,75,97,75,550,3991,4091,4092,4092,4092,4092,4092,4092
567,170,239,3459,1048,928,890,255,731,686,203,37,137,183,76,96,76,476,3978,4091,4092,4092,4092,4092,4092,4092
581,170,239,3437,1062,977,933,256,634,725,209,38,139,172,79,97,75,463,3960,4090,4092,4092,4092,4092,4092,4092
595,170,239,3435,1027,982,939,255,651,677,222,37,135,181,77,98,75,408,3936,4089,4092,4092,4092,4092,4092,4092
609,170,239,3431,1064,979,986,254,639,728,217,38,140,190,77,101,77,406,3910,4088,4092,4092,4092,4092,4092,4092
623,167,239,3423,1065,963,936,249,655,714,243,37,142,178,76,96,79,398,3884,4086,4092,4092,4092,4092,4092,4092
637,167,239,3424,1049,1020,933,257,670,681,236,38,138,182,76,95,76,359,3858,4083,4092,4092,4092,4092,4092,4092
650,171,239,3426,1034,1011,983,256,702,760,239,37,134,185,78,97,76,405,3829,4081,4092,4092,4092,4092,4092,4092
664,170,239,3419,1032,1079,903,253,716,743,254,36,133,189,80,97,77,423,3796,4077,4092,4092,4092,4092,4092,4092
678,171,238,3418,1043,1037,966,260,680,748,267,36,144,182,76,98,74,418,3622,4072,4092,4092,4092,4092,4092,4092
692,169,238,3424,1051,1045,1047,257,697,774,248,36,137,179,77,99,78,419,829,4039,4092,4092,4092,4092,4092,4092
706,170,238,3424,1085,1080,1140,260,721,781,237,36,141,206,78,100,74,429,314,4030,4092,4092,4092,4092,4092,4092
720,171,238,3432,1131,1101,1077,254,753,769,259,37,144,214,77,99,75,434,264,4026,4092,4092,4092,4092,4092,4092
733,171,238,3445,1126,1184,1091,267,738,778,248,37,151,195,80,100,76,429,187,4022,4092,4092,4092,4092,4092,4092
747,172,238,3466,1167,1158,1059,267,664,802,268,37,145,212,77,99,77,439,171,4019,4092,4092,4092,4092,4092,4092
761,172,238,3479,1144,1240,1118,264,669,796,246,36,152,199,77,97,78,429,176,4014,4092,4092,4092,4092,4092,4092
775,173,238,3477,1150,1313,1175,270,678,771,253,36,162,206,79,98,74,447,178,4011,4092,4092,4092,4092,4092,4092
789,173,239,3478,1154,1263,1047,270,719,790,248,37,157,214,76,99,76,425,175,4008,4091,4092,4092,4092,4092,4092
803,174,238,3482,1178,1178,1128,271,763,766,267,37,170,203,78,98,75,415,173,4003,4091,4092,4092,4092,4093,4092
816,174,238,3481,1201,1214,1135,260,699,792,268,36,163,228,78,99,77,405,175,3996,4091,4092,4092,4092,4092,4092
830,174,238,3475,1228,1152,1105,259,719,834,257,36,151,228,77,99,76,416,175,3987,4091,4092,4092,4092,4092,4092
844,174,238,3458,1164,1190,1090,268,762,836,273,37,159,234,78,100,75,413,173,3977,4091,4092,4092,4092,4092,4092
858,174,238,3447,1263,1264,1066,266,780,832,237,37,164,239,79,101,74,410,181,3968,4090,4092,4092,4092,4092,4092
872,174,238,3444,1289,1279,1030,261,739,780,260,37,157,223,79,102,78,419,179,3959,4090,4092,4092,4092,4092,4092
886,174,238,3424,1298,1270,1124,267,694,827,265,36,165,233,78,100,75,405,178,3949,4089,4092,4092,4092,4092,4092
899,175,238,3421,1314,1322,1107,263,720,785,246,37,157,225,81,100,77,397,177,3939,4089,4092,4092,4092,4092,4092
913,175,238,3414,1323,1359,1155,258,694,810,284,37,157,235,77,99,76,395,179,3928,4088,4092,4092,4092,4092,4092
927,175,238,3410,1294,1248,1098,263,725,770,271,36,162,228,76,101,75,405,171,3918,4087,4092,4092,4092,4092,4092
941,175,238,3385,1277,1378,1158,262,681,739,262,36,162,203,78,101,77,441,170,3909,4087,4092,4092,4092,4092,4092
955,175,238,3367,1269,1410,1143,261,688,734,254,36,164,230,79,100,79,456,172,3901,4085,4092,4092,4092,4092,4092
969,175,238,3350,1313,1419,1235,258,693,743,263,37,164,239,78,102,77,471,176,3843,4084,4092,4092,4092,4092,4092
983,176,238,3329,1324,1374,1179,261,698,720,273,36,169,223,80,101,78,460,172,3353,4076,4092,4092,4092,4092,4092
996,176,238,3320,1330,1380,1121,261,704,753,259,36,165,240,79,103,77,482,177,1958,4058,4092,4092,4092,4092,4092
1010,176,238,3312,1319,1344,1149,259,701,732,259,37,169,240,78,101,77,424,175,1215,4049,4092,4092,4092,4092,4092
1024,176,238,3296,1349,1363,1093,260,663,756,244,36,174,239,80,101,77,478,177,761,4041,4092,4092,4092,4092,4092
1038,177,238,3301,1373,1429,1130,260,688,752,246,36,169,244,79,102,76,507,173,538,4036,4092,4092,4092,4092,4092
1052,176,238,3292,1376,1487,1188,263,655,788,244,36,168,253,73,101,76,490,175,460,4033,4092,4092,4092,4092,4092
1066,177,238,3282,1403,1448,1153,261,667,744,259,37,166,244,79,102,77,511,175,448,4031,4092,4092,4092,4092,4092
1079,177,238,3291,1435,1436,1181,265,662,736,254,37,169,243,78,101,77,503,179,464,4031,4092,4092,4092,4092,4092
1093,177,238,3306,1420,1505,1156,268,665,720,240,37,172,228,77,103,76,483,169,484,4030,4092,4092,4092,4092,4092
1107,177,238,3314,1446,1520,1204,263,651,727,258,37,177,232,78,99,77,465,172,530,4029,4092,4092,4092,4092,4092
1121,177,238,3323,1442,1427,1207,260,685,724,250,37,167,251,79,103,77,489,171,531,4027,4092,4092,4092,4092,4092
1135,177,238,3321,1425,1513,1155,261,710,731,230,38,160,238,78,102,78,493,169,536,4026,4092,4092,4092,4092,4092
1149,177,238,3339,1449,1486,1174,265,708,716,236,37,166,233,80,103,79,508,167,514,4023,4092,4092,4092,4092,4092
1162,177,238,3348,1453,1498,1198,268,700,763,231,37,158,229,80,103,79,492,170,511,4020,4092,4092,4092,4093,4092
1176,177,238,3357,1456,1459,1205,261,703,730,228,37,163,221,79,104,79,505,183,504,4017,4092,4092,4092,4092,4092
1190,177,238,3354,1465,1476,1290,264,690,736,246,37,155,233,79,104,78,534,174,508,4013,4092,4092,4092,4092,4092
1204,177,238,3370,1471,1519,1277,263,707,762,234,37,163,216,78,102,79,538,170,503,4007,4092,4092,4092,4093,4092
1218,176,238,3357,1466,1454,1304,263,687,743,237,37,159,239,78,104,77,522,169,513,4003,4091,4092,4092,4092,4092
1232,176,238,3361,1487,1476,1255,261,694,730,253,37,156,217,78,103,76,539,171,503,3997,4091,4092,4092,4092,4092
1246,176,238,3371,1550,1494,1238,267,694,756,241,37,151,219,79,101,77,534,169,527,3990,4090,4092,4092,4092,4092
1259,176,238,3379,1544,1593,1184,265,681,723,248,37,145,218,78,104,79,533,171,502,3982,4090,4092,4092,4093,4092
1273,176,238,3382,1564,1594,1142,265,668,754,260,37,157,225,78,102,78,558,170,514,3973,4089,4092,4092,4093,4092
1287,176,238,3387,1567,1615,1124,265,672,724,241,37,153,220,79,104,78,540,170,535,3965,4088,4092,4092,4093,4092
1301,176,238,3402,1592,1628,1148,258,621,712,245,37,151,202,79,103,78,516,170,520,3956,4087,4092,4092,4092,4092
1315,176,238,3400,1637,1562,1172,258,669,737,243,38,152,203,78,103,79,537,166,523,3947,4086,4092,4092,4092,4092
1329,176,238,3402,1603,1572,1144,259,650,726,237,37,153,212,81,103,77,558,169,511,3937,4086,4092,4092,4092,4092
1342,176,238,3411,1618,1602,1176,259,659,715,219,37,155,210,79,103,78,558,168,533,3928,4085,4092,4092,4092,4092
1356,176,238,3425,1618,1600,1144,256,660,722,232,38,157,220,80,104,79,572,167,532,3921,4084,4092,4092,4092,4092
1370,176,238,3431,1635,1584,1156,259,639,720,234,38,152,209,78,104,79,546,165,544,3915,4083,4092,4092,4092,4092
1384,176,238,3440,1638,1562,1149,262,631,705,237,37,151,214,80,103,79,526,166,546,3908,4082,4092,4092,4092,4092
1398,176,238,3451,1644,1578,1103,262,635,698,223,37,150,206,78,103,79,519,168,528,3900,4081,4092,4092,4093,4092
1412,176,238,3455,1519,1592,1162,257,656,684,237,37,145,226,79,104,79,517,168,543,3895,4080,4092,4092,4092,4092
1425,176,238,3467,1668,1656,1136,254,631,681,232,38,150,226,80,104,78,541,171,566,3890,4080,4092,4092,4092,4092
1439,176,238,3468,1694,1603,1144,253,635,652,226,37,152,222,79,103,78,519,168,539,3884,4079,4092,4092,4092,4092
1453,176,238,3472,1720,1581,1200,256,629,678,229,37,158,231,77,103,78,530,169,543,3869,4077,4092,4092,4092,4092
1467,176,238,3462,1706,1571,1179,254,645,678,225,37,147,215,78,103,78,502,165,588,3777,4076,4092,4092,4092,4092
1481,176,238,3453,1700,1527,1195,254,612,648,229,37,156,219,78,101,77,525,172,559,3500,4071,4092,4092,4092,4092
1495,176,238,3447,1727,1531,1157,258,611,669,217,37,155,215,83,103,79,518,167,568,2856,4063,4092,4092,4092,4092
1508,176,238,3428,1751,1476,1120,257,615,651,223,38,144,202,79,102,80,520,168,544,1940,4052,4092,4092,4093,4092
1522,176,238,3420,1760,1547,1158,256,616,643,222,38,155,218,80,103,77,515,170,592,1183,4044,4092,4092,4092,4092
1536,176,238,3412,1781,1543,1095,258,620,634,213,38,153,206,80,103,78,504,172,578,729,4038,4092,4092,4092,4092
1550,176,238,3412,1803,1597,1216,255,610,624,215,38,152,213,78,102,79,517,169,605,498,4034,4092,4092,4092,4092
1564,176,238,3386,1769,1553,1176,249,597,636,217,38,154,224,80,103,79,520,169,606,365,4032,4092,4092,4092,4092
1578,176,238,3375,1781,1562,1152,252,621,642,223,38,149,215,79,102,78,517,166,601,292,4029,4092,4092,4092,4092
1592,176,238,3359,1797,1584,1192,255,616,634,218,37,154,217,80,104,78,499,167,586,230,4028,4092,4092,4092,4092
1605,176,238,3350,1839,1587,1169,253,602,626,208,38,151,217,79,104,80,499,170,589,204,4026,4092,4092,4092,4092
1619,176,238,3360,1864,1529,1148,259,634,634,204,38,144,207,79,104,79,533,167,611,188,4025,4092,4092,4092,4092
1633,176,238,3358,1837,1458,1231,260,614,634,201,38,152,199,81,104,79,545,170,610,165,4024,4092,4092,4092,4092
1647,176,238,3366,1843,1516,1145,255,587,630,205,38,145,204,80,103,78,507,168,619,154,4023,4092,4092,4092,4092
1661,176,238,3367,1813,1505,1150,259,607,639,200,38,151,204,82,104,79,533,169,612,147,4021,4092,4092,4092,4092
1675,176,239,3352,1762,1533,1179,258,607,671,205,39,151,217,78,104,81,501,168,586,134,4021,4092,4092,4092,4092
1688,176,239,3348,1814,1523,1095,257,618,630,202,38,147,212,80,104,79,521,167,581,129,4020,4092,4092,4093,4092
1702,176,239,3343,1925,1561,1084,257,620,642,207,38,139,214,78,103,78,512,173,582,130,4019,4091,4092,4093,4092
1716,176,239,3341,1936,1579,1143,257,616,642,213,39,138,216,81,103,79,509,167,626,131,4019,4091,4092,4093,4092
1730,176,239,3340,1949,1467,1101,258,604,629,211,38,136,210,81,103,78,509,168,613,129,4018,4091,4092,4092,4092
1744,176,239,3338,1958,1488,1109,255,629,659,203,39,139,209,82,103,80,502,168,616,129,4017,4091,4092,4093,4092
1758,176,239,3328,1978,1457,1089,261,620,668,213,39,139,201,80,103,79,493,169,609,126,4017,4091,4092,4093,4092
1771,176,239,3326,1987,1457,1077,255,621,650,206,39,135,193,81,103,78,501,170,617,126,4016,4091,4092,4092,4092
1785,176,239,3330,1976,1510,1088,257,627,644,202,39,136,195,79,103,77,512,170,635,127,4015,4090,4092,4092,4092
1799,177,239,3322,1969,1575,1096,259,600,652,198,39,147,198,79,104,80,490,168,625,123,4015,4090,4092,4092,4092
0,199,235,3651,3890,3949,4017,4021,4040,3790,3745,3721,3720,3711,3734,3746,3712,4049,4049,4066,4060,4054,4051,4041,4062,4032
13,201,218,3808,3882,3934,4009,4015,4033,3777,3731,3708,3713,3698,3719,3743,3712,4046,4049,4066,4063,4053,4054,4045,4064,4040
27,197,217,3647,3812,3902,3989,4009,4026,3768,3715,3689,3704,3683,3722,3732,3703,4040,4047,4067,4061,4057,4058,4052,4071,4061
41,196,220,3564,3688,3843,3965,3945,4021,3725,3702,3653,3663,3641,3691,3699,3626,4049,4044,4065,4054,4053,4036,4053,4077,4079
55,192,220,3602,1659,3629,3903,3956,3998,3739,3614,3553,3597,3555,3645,3676,3605,4019,4042,4064,4055,4051,4064,4066,4086,4085
69,191,221,3684,677,1600,3684,3823,3970,3665,3529,3560,3585,3514,3584,3613,3576,4032,4043,4061,4066,4064,4073,4075,4090,4088
83,189,219,3642,630,616,780,2418,3819,3284,3372,3371,3402,3417,3333,3433,3317,3988,4052,4073,4063,4076,4080,4084,4091,4090
96,170,218,3722,641,602,711,407,1124,3106,2964,2021,2964,3068,3154,3162,3098,4043,4052,4074,4077,4081,4084,4087,4092,4091
110,163,212,3715,677,618,695,290,517,531,599,2247,2766,2823,2856,2872,2685,4028,4055,4080,4083,4085,4088,4089,4093,4091
124,158,207,3729,702,545,599,266,521,598,197,91,2002,2284,2693,2541,1693,4029,4062,4083,4085,4087,4089,4090,4092,4092
138,147,206,3735,731,620,554,248,510,634,198,126,144,654,2339,2582,2614,4017,4065,4085,4088,4089,4090,4091,4092,4092
152,140,206,3743,771,666,601,273,565,598,211,41,160,160,348,2048,2463,4010,4060,4085,4088,4090,4091,4091,4092,4092
166,130,207,3738,756,638,597,246,510,571,188,44,145,198,101,277,2219,3961,4052,4085,4089,4090,4091,4091,4092,4092
179,124,208,3743,738,719,646,284,574,590,221,39,128,219,91,96,98,3850,4029,4082,4089,4090,4092,4092,4092,4092
193,141,207,3745,815,686,613,302,521,589,198,40,127,170,83,98,81,2685,3969,4077,4089,4091,4092,4092,4093,4092
207,145,207,3744,851,680,629,248,501,615,197,39,140,187,80,101,108,602,3887,4071,4088,4091,4092,4092,4092,4092
221,146,207,3745,829,694,662,245,507,612,207,41,151,170,84,98,81,560,3805,4062,4087,4091,4092,4092,4092,4092
235,145,207,3746,812,682,641,286,525,586,199,43,148,191,82,110,82,540,1551,4024,4084,4091,4092,4092,4092,4092
249,146,207,3749,860,578,674,246,556,583,183,40,157,212,135,101,100,429,189,3989,4082,4090,4092,4092,4092,4092
263,145,208,3749,871,785,680,240,567,549,194,40,133,188,89,100,81,464,192,3962,4078,4090,4092,4092,4092,4092
276,146,208,3752,885,754,701,251,521,653,199,40,153,187,84,104,77,469,185,3934,4074,4091,4092,4092,4093,4092
290,146,208,3753,903,748,742,248,557,621,196,42,154,197,87,99,81,442,177,3903,4070,4090,4092,4092,4092,4092
304,146,208,3753,936,838,724,249,580,655,214,39,143,200,84,103,78,446,183,3841,4063,4090,4092,4092,4092,4092
318,181,208,3753,941,839,778,243,566,692,200,38,146,174,88,105,83,398,183,1664,4030,4089,4092,4092,4092,4092
332,181,208,3752,896,857,745,241,544,630,204,40,140,181,83,108,80,451,180,616,4009,4088,4092,4092,4092,4092
346,180,208,3751,927,845,764,252,569,714,209,40,140,184,85,100,88,441,188,635,3994,4087,4092,4092,4092,4092
359,180,208,3749,940,815,793,253,574,686,223,40,142,182,81,99,79,452,188,603,3975,4084,4092,4092,4092,4092
373,180,209,3748,1009,864,813,249,584,707,223,39,150,202,85,100,90,442,184,571,3950,4082,4092,4092,4092,4092
387,180,209,3748,973,866,817,252,584,684,219,37,144,203,83,98,81,413,190,569,3920,4078,4091,4092,4092,4092
401,180,209,3748,934,863,810,258,603,700,235,39,153,202,85,101,79,435,208,512,3884,4075,4091,4092,4092,4092
415,180,209,3746,954,930,846,255,585,713,231,39,147,189,82,99,81,394,220,524,3866,4072,4091,4092,4092,4092
429,180,209,3747,952,988,838,260,593,686,233,38,137,196,82,99,81,460,206,537,3843,4069,4091,4092,4093,4092
442,180,209,3747,999,962,880,259,619,723,237,39,149,209,83,99,81,460,188,535,3219,4058,4091,4092,4092,4092
456,180,210,3749,987,1000,917,259,546,718,226,38,139,204,83,98,81,448,184,500,1159,4035,4091,4092,4092,4092
470,180,210,3755,1057,966,978,254,614,730,209,38,143,202,82,98,84,464,190,518,320,4023,4090,4092,4093,4092
484,180,213,3759,1078,996,933,262,622,780,247,39,145,211,83,100,94,467,177,527,138,4016,4090,4092,4092,4092
498,180,213,3761,1068,1043,950,258,634,765,221,39,156,206,86,101,82,479,184,535,133,4011,4090,4092,4092,4092
512,180,213,3763,1066,1001,986,262,631,739,243,39,155,220,83,101,86,483,185,538,136,4005,4089,4092,4092,4092
526,180,212,3765,1123,1085,988,264,685,804,246,38,152,211,85,102,83,464,183,560,136,3996,4089,4092,4093,4092
539,180,212,3767,1128,1069,1068,260,673,815,254,39,154,226,85,101,83,464,196,549,136,3985,4088,4092,4092,4092
553,181,211,3768,1143,1069,1033,263,713,815,259,39,157,205,85,102,84,487,185,533,139,3971,4088,4092,4092,4092
567,181,211,3769,1137,1146,1005,274,677,761,247,39,154,227,82,101,83,487,183,533,140,3954,4087,4092,4093,4092
581,181,211,3769,1157,1119,1006,270,676,810,280,39,156,226,84,101,83,465,195,558,138,3935,4087,4092,4092,4092
595,182,212,3767,1107,1143,1065,266,665,831,283,38,156,222,84,103,83,500,177,539,134,3917,4086,4092,4092,4092
609,182,212,3768,1137,1139,1061,268,662,827,260,38,163,224,84,101,94,469,183,532,141,3897,4085,4092,4092,4092
622,182,212,3768,1150,1104,1083,265,704,840,286,38,143,225,82,101,85,485,175,549,138,3880,4085,4092,4093,4092
636,182,212,3770,1207,1087,1083,267,689,848,275,38,161,226,85,102,84,501,175,530,139,3866,4084,4092,4092,4092
650,182,213,3769,1216,1111,1054,267,732,872,268,39,168,229,86,101,84,509,181,559,135,3855,4084,4092,4093,4092
664,182,213,3771,1198,1135,1030,266,716,875,273,38,167,256,87,102,83,496,177,555,136,3849,4083,4092,4092,4092
678,182,213,3772,1197,1118,986,260,731,874,284,39,163,251,84,102,85,503,179,570,137,3842,4082,4092,4092,4092
692,182,214,3772,1194,1179,1006,263,720,905,268,38,161,245,83,103,84,511,179,559,138,3826,4082,4092,4092,4092
706,182,214,3773,1243,1138,1014,259,750,885,290,39,176,242,88,103,86,494,186,562,136,3710,4079,4092,4092,4092
719,182,214,3775,1250,1121,1049,265,727,902,282,38,173,252,86,102,85,502,178,560,135,3033,4070,4092,4092,4092
733,182,215,3776,1263,1154,1080,262,653,873,292,39,166,265,86,105,86,508,178,575,137,1380,4051,4092,4092,4092
747,182,215,3776,1266,1102,1088,268,679,907,293,40,164,269,86,103,84,479,176,567,137,373,4038,4092,4092,4092
761,182,215,3778,1234,1150,989,261,671,879,299,39,179,251,88,104,84,495,177,558,134,210,4033,4092,4092,4092
775,182,216,3777,1255,1211,1087,261,658,849,279,39,171,265,88,103,87,510,178,562,134,154,4031,4092,4092,4092
789,182,216,3779,1281,1186,1107,262,675,855,285,41,186,260,86,105,85,500,180,564,133,133,4028,4092,4092,4092
802,182,216,3779,1278,1135,1066,263,704,843,270,39,182,253,94,103,85,514,178,562,133,130,4026,4092,4092,4092
816,182,216,3781,1290,1193,1034,263,710,845,276,39,179,280,87,104,87,530,178,578,133,136,4024,4092,4092,4092
830,182,216,3781,1303,1153,1010,264,679,840,286,38,180,284,86,104,86,521,177,560,133,138,4022,4092,4093,4092
844,182,217,3782,1355,1198,1005,258,673,863,285,39,176,264,87,105,85,532,178,566,133,136,4020,4092,4092,4092
858,182,217,3782,1359,1186,943,261,682,850,286,39,178,268,87,106,86,553,175,541,134,139,4018,4091,4092,4092
872,182,217,3781,1369,1229,963,259,634,847,285,39,182,257,89,105,87,559,176,578,133,137,4015,4091,4092,4092
885,182,217,3782,1358,1216,987,257,645,804,296,38,174,277,82,105,85,561,178,585,133,133,4012,4091,4092,4092
899,182,217,3783,1352,1192,917,255,655,807,275,39,185,302,87,104,84,565,179,602,133,132,4010,4091,4092,4092
913,182,217,3784,1398,1155,911,257,648,784,285,39,187,286,88,105,87,471,176,572,134,136,4006,4091,4092,4092
927,182,217,3785,1360,1196,899,258,610,799,272,39,178,280,87,105,87,587,175,583,135,135,4003,4091,4092,4092
941,182,218,3784,1364,1159,916,254,639,782,274,39,180,258,88,104,88,539,178,567,136,134,3999,4091,4093,4092
955,182,218,3785,1393,1158,968,258,627,755,266,39,179,283,89,105,88,554,188,601,132,135,3995,4090,4092,4092
969,180,218,3786,1377,1157,949,251,619,765,274,40,183,274,87,104,86,549,174,587,132,134,3990,4090,4092,4092
982,178,218,3786,1374,1137,921,262,613,794,272,39,179,276,87,106,90,550,175,591,136,137,3986,4090,4092,4092
996,178,218,3788,1394,1185,946,263,603,783,260,39,191,269,90,106,87,577,175,570,135,135,3981,4090,4093,4092
1010,178,218,3789,1390,1252,945,266,630,745,274,39,186,267,89,106,88,601,173,590,132,133,3976,4089,4092,4092
1024,179,218,3791,1404,1162,961,261,632,770,276,39,176,277,88,106,88,554,172,612,131,143,3971,4089,4092,4092
1038,180,218,3792,1431,1211,937,269,628,780,275,39,178,270,87,106,89,619,177,577,130,132,3966,4089,4092,4092
1052,181,216,3793,1451,1198,988,264,626,793,280,40,178,255,90,106,89,603,174,591,130,136,3960,4088,4092,4092
1065,181,217,3794,1454,1229,997,268,670,744,260,39,181,280,87,106,89,606,175,605,134,134,3955,4088,4092,4092
1079,182,217,3794,1486,1257,980,259,647,730,259,40,181,270,89,107,88,532,174,592,136,132,3950,4087,4092,4092
1093,182,218,3795,1466,1270,938,265,643,778,258,41,177,249,86,106,88,575,177,605,133,135,3945,4087,4092,4092
1107,182,218,3796,1467,1261,949,266,630,758,257,40,169,266,89,106,89,570,176,579,134,133,3939,4086,4092,4092
1121,183,218,3795,1453,1292,966,259,654,800,259,41,172,272,89,106,90,583,173,605,134,133,3934,4086,4092,4092
1135,183,218,3796,1445,1267,955,261,638,772,257,40,176,266,87,106,88,622,174,596,132,132,3931,4086,4092,4092
1149,183,218,3801,1474,1277,923,262,631,790,268,40,159,280,89,106,89,580,177,613,133,136,3926,4085,4092,4092
1162,184,218,3803,1464,1261,963,263,631,781,263,40,165,257,89,106,89,586,175,627,133,133,3920,4084,4092,4092
1176,184,219,3799,1453,1261,1016,259,645,780,268,40,172,238,89,107,88,581,173,621,133,133,3915,4084,4092,4092
1190,184,219,3797,1487,1244,994,261,650,811,252,41,170,253,87,107,88,595,176,640,132,134,3911,4083,4092,4092
1204,184,219,3797,1495,1264,985,260,640,831,261,40,168,253,87,108,87,582,174,602,133,135,3907,4083,4092,4092
1218,184,219,3799,1494,1262,996,255,636,811,266,40,172,243,86,107,87,578,172,649,130,135,3903,4082,4092,4092
1232,185,218,3799,1513,1214,1033,261,674,815,265,41,163,243,88,108,90,566,176,636,132,136,3899,4082,4092,4092
1245,185,219,3799,1536,1247,980,262,607,804,291,40,168,244,88,108,88,580,171,645,133,134,3896,4081,4092,4092
1259,185,219,3798,1565,1345,1039,262,621,799,273,40,160,242,86,109,88,594,174,642,129,133,3893,4081,4092,4092
1273,185,219,3798,1565,1252,1023,259,659,803,279,40,166,265,88,108,87,603,173,644,133,133,3889,4080,4092,4092
1287,185,219,3798,1576,1237,983,259,641,781,283,40,171,227,88,108,89,582,176,654,134,135,3888,4080,4092,4092
1301,185,219,3798,1550,1310,973,261,603,797,282,39,168,249,89,108,90,583,173,645,130,136,3885,4079,4092,4092
1315,185,219,3798,1561,1334,1021,261,664,812,264,40,172,242,90,107,88,592,176,644,130,133,3884,4079,4092,4092
1328,185,219,3798,1573,1292,1017,262,618,776,253,39,177,251,92,107,87,583,173,639,129,133,3881,4079,4092,4092
1342,185,219,3799,1562,1268,1009,261,624,763,258,40,161,247,88,108,88,586,175,611,130,138,3880,4078,4092,4092
1356,185,219,3799,1561,1295,1028,263,621,791,277,40,177,247,88,108,87,549,177,639,129,135,3880,4078,4092,4092
1370,185,219,3799,1590,1296,1013,260,629,782,285,40,177,250,90,109,88,551,175,629,132,133,3877,4078,4092,4092
1384,185,219,3800,1613,1320,956,259,654,758,257,40,177,264,89,108,90,551,173,652,134,136,3871,4077,4092,4092
1398,185,220,3800,1631,1316,1002,260,605,760,258,40,177,255,89,109,88,555,174,606,130,130,3869,4077,4092,4092
1412,185,220,3801,1645,1383,982,254,614,788,262,40,178,264,90,109,87,567,176,649,128,132,3863,4077,4092,4092
1425,185,220,3802,1552,1386,1033,258,660,775,267,40,171,271,91,109,87,551,174,629,130,134,3853,4076,4092,4092
1439,185,220,3802,1624,1334,1013,259,633,789,250,41,180,259,90,108,89,551,174,643,132,132,3839,4076,4092,4093
1453,185,220,3803,1632,1359,970,258,626,788,268,41,177,246,89,108,105,556,178,627,129,133,3817,4075,4092,4092
1467,185,220,3805,1643,1372,1022,261,627,773,267,41,178,264,91,108,88,539,177,641,128,135,3786,4074,4092,4092
1481,185,220,3805,1658,1399,1036,263,628,795,269,41,174,251,92,109,89,565,173,630,132,130,3756,4074,4092,4092
1495,185,220,3804,1696,1409,1060,263,633,774,269,41,185,259,90,109,88,542,177,619,128,132,3705,4073,4092,4092
1508,185,220,3802,1651,1376,1034,262,615,758,271,40,183,277,89,108,88,536,178,596,128,133,3645,4072,4092,4092
1522,185,220,3801,1709,1401,1032,259,623,777,251,41,170,256,87,109,88,538,178,638,129,134,3560,4070,4092,4092
1536,185,220,3801,1714,1391,1012,266,626,756,268,41,166,265,90,110,89,534,180,627,129,131,3470,4069,4092,4092
1550,185,220,3800,1694,1403,1040,258,640,772,249,40,168,250,91,109,92,520,179,622,130,133,3335,4067,4092,4092
1564,185,221,3800,1744,1438,1025,259,623,801,264,41,172,248,88,109,88,519,180,623,131,134,3197,4065,4092,4092
1578,185,221,3800,1772,1452,1079,260,659,771,264,40,164,244,89,109,89,511,179,625,128,132,3029,4063,4092,4092
1592,185,221,3800,1751,1418,1033,259,615,819,262,40,165,247,91,109,88,507,180,637,133,133,2832,4060,4092,4092
1605,185,221,3800,1774,1454,1046,263,623,779,265,40,171,247,90,110,89,520,178,611,132,133,2607,4057,4092,4092
1619,185,221,3798,1809,1446,1033,257,647,788,258,40,169,238,90,109,88,539,177,597,130,132,2325,4054,4092,4092
1633,185,221,3798,1813,1448,1043,258,646,771,262,40,164,251,90,109,89,540,179,625,130,133,2000,4050,4092,4092
1647,185,221,3797,1819,1431,1054,263,628,777,269,40,166,251,90,109,90,537,181,614,130,133,1703,4047,4092,4092
1661,185,221,3796,1811,1420,1062,265,628,802,257,40,170,254,90,108,88,517,176,640,129,132,1436,4044,4092,4092
1675,185,221,3801,1820,1434,1076,262,631,781,270,40,165,255,88,109,88,540,177,593,132,131,1209,4042,4092,4092
1688,185,222,3794,1779,1384,1048,263,633,795,268,40,166,249,90,109,89,537,180,608,129,131,1020,4039,4092,4092
1702,185,222,3793,1853,1422,1077,262,648,817,273,40,162,250,90,107,89,550,180,595,129,130,850,4038,4092,4092
1716,185,222,3790,1816,1435,1098,259,638,829,263,41,167,243,88,108,89,542,176,581,131,133,726,4036,4092,4092
1730,185,222,3787,1837,1440,1079,259,623,800,255,40,172,234,87,108,87,558,176,576,135,133,623,4035,4092,4092
1744,185,222,3785,1776,1458,1043,260,645,791,252,40,166,250,90,107,88,560,179,620,129,132,554,4034,4092,4092
1758,185,222,3782,1775,1457,1034,263,663,807,260,39,170,243,90,107,88,561,177,584,130,133,480,4033,4092,4092
1771,185,222,3781,1820,1529,1059,266,660,811,268,39,169,243,88,107,87,558,178,602,131,132,420,4032,4092,4092
1785,185,223,3779,1827,1479,1060,261,631,818,253,40,168,238,87,107,88,566,177,593,131,132,383,4031,4092,4092
1799,185,223,3783,1853,1516,1089,264,638,836,257,40,175,252,88,107,86,553,176,582,132,131,357,4031,4092,4092
1813,185,223,3783,1890,1535,1062,265,666,791,263,40,168,248,87,106,87,572,175,547,136,132,333,4031,4092,4092
