
DMR Smart Settling


Timestamp, LDR1, LDR2, LDR3, LDR4, LDR5, LDR6, LDR7, LDR8, LDR9, LDR10, LDR11, LDR12, LDR13, LDR14, LDR15, LDR16, LDR17, LDR18, LDR19, LDR20, LDR21, LDR22, LDR23, LDR24, LDR25

0,3752,4080,4091,4090,4092,4092,4092,4085,4077,4077,4077,4078,4078,4079,4080,4077,4092,4092,4093,4093,4092,4092,4093,4093,4092
13,3828,4070,4090,4092,4092,4092,4092,4088,4083,4083,4082,4082,4082,4083,4083,4081,4092,4092,4092,4093,4092,4093,4093,4093,4092
27,3866,4062,4088,4092,4093,4092,4092,4089,4084,4083,4082,4082,4082,4083,4083,4081,4092,4093,4092,4093,4093,4093,4093,4093,4092
41,3834,4046,4086,4092,4092,4092,4092,4089,4084,4083,4082,4082,4083,4083,4083,4081,4092,4092,4093,4093,4093,4093,4093,4093,4092
55,3670,4017,4082,4091,4092,4092,4092,4089,4084,4083,4082,4082,4083,4083,4083,4081,4092,4093,4092,4093,4093,4093,4093,4093,4093
69,3569,3963,4075,4090,4092,4092,4092,4089,4084,4083,4082,4082,4083,4083,4083,4082,4092,4092,4093,4093,4093,4093,4093,4093,4093
83,3593,3787,4060,4090,4092,4092,4092,4090,4084,4083,4082,4082,4082,4083,4083,4081,4092,4093,4092,4093,4093,4093,4093,4093,4093
96,3585,999,4008,4085,4092,4092,4092,4090,4084,4083,4083,4083,4083,4084,4083,4082,4092,4093,4093,4093,4092,4093,4093,4093,4093
110,3588,878,3942,4080,4091,4092,4092,4090,4083,4082,4081,4082,4082,4083,4083,4081,4092,4093,4093,4093,4093,4093,4093,4093,4093
124,3572,871,3696,4060,4089,4092,4092,4090,4084,4083,4082,4083,4083,4083,4083,4082,4092,4093,4092,4092,4093,4093,4093,4093,4093
138,3606,846,487,3974,4082,4091,4092,4090,4084,4083,4083,4083,4083,4083,4083,4082,4092,4092,4093,4093,4093,4093,4093,4093,4092
152,3616,846,481,3715,4054,4089,4092,4090,4084,4083,4083,4083,4083,4083,4083,4082,4092,4093,4092,4093,4093,4093,4093,4093,4093
166,3627,836,478,577,3949,4083,4091,4089,4084,4083,4082,4082,4083,4083,4083,4082,4092,4093,4092,4093,4092,4092,4093,4093,4093
179,3601,849,474,594,3433,4053,4089,4089,4084,4083,4082,4083,4083,4083,4084,4082,4092,4093,4093,4093,4093,4093,4093,4093,4092
193,3580,849,514,577,561,3963,4081,4088,4084,4084,4083,4083,4083,4083,4084,4082,4092,4092,4093,4092,4093,4093,4093,4093,4093
207,3622,855,474,567,508,3540,4055,4087,4083,4082,4082,4082,4082,4083,4083,4082,4092,4093,4092,4093,4092,4093,4093,4093,4093
221,3659,872,440,549,498,514,3937,4080,4081,4079,4079,4079,4079,4079,4079,4078,4092,4093,4092,4093,4093,4093,4093,4093,4093
235,3644,913,451,545,504,519,3352,4054,4075,4074,4073,4073,4074,4074,4074,4072,4092,4093,4093,4093,4093,4093,4093,4093,4093
249,3614,877,454,546,500,494,278,3952,4061,4061,4060,4059,4059,4058,4057,4055,4092,4093,4093,4093,4093,4093,4093,4093,4093
263,3674,862,471,538,507,511,245,3595,4026,4027,4025,4023,4021,4018,4015,4010,4092,4093,4093,4093,4093,4093,4093,4093,4093
276,3673,885,451,554,495,517,268,493,3886,3912,3906,3898,3890,3880,3870,3857,4090,4093,4093,4093,4093,4093,4093,4093,4093
290,3686,893,447,536,504,494,267,460,3371,3370,3334,3298,3266,3238,3212,3186,4082,4092,4093,4093,4093,4093,4093,4093,4093
304,3687,880,454,543,493,504,245,471,556,2860,3085,3103,3109,3113,3116,3118,4080,4093,4093,4093,4092,4093,4093,4093,4093
318,3697,882,483,545,495,502,256,455,594,2731,3036,3056,3055,3051,3044,3035,4079,4092,4093,4093,4093,4093,4093,4093,4093
332,3686,878,499,546,513,493,250,527,512,421,2689,2821,2825,2825,2824,2822,4076,4093,4093,4093,4093,4093,4093,4093,4093
346,3689,889,456,552,500,512,260,462,459,227,2665,2831,2844,2849,2852,2854,4077,4093,4093,4093,4093,4093,4093,4093,4093
359,3684,892,473,564,528,572,245,475,460,213,2545,2798,2810,2808,2804,2798,4076,4093,4093,4093,4093,4093,4093,4093,4093
373,3675,890,455,576,518,509,253,446,457,154,1827,2555,2597,2597,2595,2592,4073,4092,4093,4093,4093,4093,4093,4093,4092
387,3672,895,467,626,510,518,248,433,477,157,38,2477,2610,2617,2619,2618,4073,4092,4093,4093,4093,4093,4093,4093,4093
401,3667,906,475,583,513,512,254,435,470,156,45,2458,2611,2618,2620,2621,4073,4093,4093,4093,4093,4093,4093,4093,4093
415,3667,907,468,568,495,527,244,445,457,157,51,2288,2553,2561,2558,2553,4072,4093,4093,4093,4092,4093,4093,4093,4093
429,3640,921,474,575,538,534,244,459,444,145,45,1764,2427,2464,2466,2466,4071,4092,4093,4093,4093,4093,4093,4093,4093
442,3623,926,471,563,524,534,241,477,452,147,41,169,2371,2481,2487,2490,4072,4093,4092,4093,4093,4093,4093,4093,4093
456,3605,923,478,570,535,532,245,449,449,153,42,141,2383,2507,2514,2516,4072,4093,4093,4093,4093,4093,4093,4093,4092
470,3603,932,489,591,531,542,242,479,447,145,42,145,2363,2516,2524,2525,4072,4092,4093,4093,4092,4093,4093,4093,4093
484,3613,900,499,598,525,584,246,452,460,146,40,144,2204,2463,2470,2467,4071,4092,4092,4093,4093,4093,4093,4093,4093
498,3629,944,497,612,549,536,260,462,471,148,39,127,1884,2376,2400,2402,4070,4093,4093,4093,4093,4093,4093,4093,4093
512,3635,924,497,610,534,538,242,455,464,144,39,104,545,2297,2374,2377,4070,4092,4092,4093,4092,4093,4093,4093,4092
525,3642,959,490,609,501,555,248,458,471,142,41,109,220,2297,2388,2392,4070,4093,4093,4093,4093,4093,4093,4093,4093
539,3645,956,509,618,543,536,249,479,482,145,45,107,217,2310,2407,2410,4070,4092,4093,4093,4093,4093,4093,4093,4093
553,3647,972,514,617,557,544,251,457,483,145,43,108,166,2306,2413,2417,4070,4093,4093,4093,4093,4093,4093,4093,4093
567,3641,972,512,629,550,538,246,475,483,157,42,108,145,2280,2406,2410,4070,4093,4093,4092,4092,4093,4093,4093,4092
581,3643,969,524,634,561,542,244,460,480,145,43,107,141,2206,2381,2386,4070,4093,4093,4093,4093,4093,4093,4093,4093
595,3642,975,521,635,559,523,239,459,475,143,42,106,134,2038,2330,2340,4069,4092,4092,4093,4092,4093,4093,4093,4092
609,3646,981,522,638,561,545,239,476,472,141,43,107,143,1718,2269,2297,4069,4093,4093,4093,4093,4093,4093,4093,4093
622,3644,984,528,652,564,559,241,468,473,141,39,107,136,131,2218,2288,4068,4093,4093,4093,4092,4093,4093,4093,4092
636,3649,989,533,641,571,558,242,463,473,142,39,102,131,74,2214,2285,4069,4092,4093,4093,4093,4093,4093,4093,4093
650,3652,1033,544,638,574,559,245,471,484,141,38,99,125,90,2208,2282,4068,4093,4092,4093,4093,4093,4093,4093,4092
664,3654,987,537,643,581,571,245,524,475,139,39,100,122,77,2204,2277,4068,4093,4092,4093,4092,4093,4093,4093,4093
678,3655,985,542,639,589,565,244,498,477,142,40,100,117,79,2190,2267,4068,4093,4093,4093,4092,4093,4093,4093,4093
692,3658,982,553,647,560,581,243,475,528,143,39,100,123,77,2170,2252,4068,4092,4093,4093,4093,4093,4093,4093,4093
705,3659,992,532,654,586,580,244,476,468,145,39,102,119,77,2134,2231,4068,4093,4093,4093,4093,4093,4093,4093,4092
719,3660,994,536,663,590,582,243,468,458,133,38,101,122,76,2072,2199,4067,4093,4093,4093,4093,4093,4093,4093,4093
733,3663,992,545,676,595,576,247,461,476,137,40,105,125,76,1966,2157,4067,4093,4093,4093,4093,4093,4093,4093,4093
747,3667,999,543,676,589,567,247,473,474,136,38,103,123,74,1826,2112,4066,4093,4093,4093,4093,4093,4093,4093,4092
761,3671,1002,537,680,610,586,247,470,475,136,36,102,122,75,1216,2058,4066,4093,4093,4093,4093,4093,4093,4093,4093
775,3675,1011,544,688,625,587,248,475,475,135,38,98,121,73,164,2013,4065,4093,4093,4093,4093,4093,4093,4093,4093
788,3682,1012,558,684,625,581,244,480,471,141,37,97,120,71,102,2008,4065,4093,4093,4093,4093,4093,4093,4093,4093
802,3684,1014,569,674,593,583,252,457,500,140,37,98,117,72,93,2007,4065,4093,4093,4093,4092,4093,4093,4093,4092
816,3685,1010,561,683,608,591,245,474,479,139,36,98,119,71,90,2003,4065,4093,4092,4093,4092,4093,4093,4093,4092
830,3688,1013,567,693,622,594,245,490,484,147,36,98,121,70,92,1996,4065,4093,4093,4093,4093,4093,4093,4093,4092
844,3688,1022,571,672,617,605,250,501,489,142,36,100,119,71,92,1996,4065,4093,4093,4093,4092,4093,4093,4093,4093
858,3689,1025,575,676,613,599,249,499,487,142,35,99,133,70,94,1986,4065,4093,4093,4093,4093,4093,4093,4093,4092
871,3691,1024,573,669,622,590,246,506,473,141,36,99,117,73,92,1980,4065,4093,4092,4093,4093,4093,4093,4093,4092
885,3692,1017,583,679,625,586,251,496,487,140,36,98,121,71,94,1961,4064,4093,4093,4093,4093,4093,4093,4093,4092
899,3692,1018,581,688,627,603,250,506,484,140,36,99,117,73,92,1922,4063,4092,4093,4093,4093,4093,4093,4093,4093
913,3691,1022,586,690,607,604,252,498,477,139,35,101,119,73,92,1859,4062,4093,4093,4093,4093,4093,4093,4093,4093
927,3690,1030,598,670,620,607,252,503,481,136,35,100,118,70,91,1787,4061,4092,4093,4093,4092,4093,4093,4093,4092
941,3688,1034,592,674,624,605,252,501,482,137,35,98,116,69,90,1701,4060,4093,4093,4093,4093,4093,4093,4093,4093
955,3686,1036,584,667,644,611,254,505,478,135,35,103,118,67,87,1609,4058,4093,4093,4093,4093,4093,4093,4093,4092
968,3685,1038,579,681,625,607,253,503,489,133,34,98,120,68,85,1478,4056,4093,4093,4093,4093,4093,4093,4093,4093
982,3682,1043,602,688,617,618,249,506,492,139,34,97,118,67,86,1191,4052,4093,4092,4093,4093,4093,4093,4093,4092
996,3679,1042,600,687,614,624,251,511,491,136,34,96,118,67,86,197,4040,4092,4093,4093,4093,4092,4093,4093,4093
1010,3678,1041,608,692,625,635,250,494,490,138,34,97,116,66,85,71,4038,4092,4093,4093,4092,4093,4093,4093,4093
1024,3673,1041,607,680,637,633,253,501,492,142,33,97,118,68,86,62,4037,4092,4093,4093,4092,4093,4093,4093,4093
1038,3666,1038,599,677,632,629,253,501,490,142,33,98,118,68,87,66,4035,4092,4092,4092,4093,4093,4093,4093,4093
1051,3662,1044,593,687,635,637,249,509,477,140,34,100,116,68,85,65,4034,4092,4093,4093,4093,4093,4093,4093,4093
1065,3660,1049,603,702,634,617,250,512,507,147,34,98,118,68,85,66,4032,4092,4093,4093,4093,4093,4093,4093,4093
1079,3659,1054,599,686,642,619,252,495,493,145,33,100,125,69,88,67,4029,4092,4092,4092,4093,4093,4093,4093,4093
1093,3659,1058,592,699,645,630,252,514,497,143,33,99,123,68,88,68,4026,4092,4093,4093,4093,4093,4093,4093,4093
1107,3654,1060,587,702,642,618,253,505,493,146,34,100,122,68,88,67,4022,4092,4093,4093,4093,4093,4093,4093,4093
1121,3656,1060,590,714,652,620,253,518,501,152,34,102,124,69,89,67,4016,4092,4092,4093,4092,4093,4093,4093,4093
1134,3652,1059,591,721,645,627,255,520,504,150,34,102,124,71,89,67,4008,4092,4093,4093,4093,4093,4093,4093,4092
1148,3655,1062,605,722,649,621,255,516,512,155,34,103,126,71,89,68,3997,4092,4093,4093,4093,4093,4093,4093,4092
1162,3653,1069,604,738,650,612,251,517,517,151,34,100,128,70,90,68,3980,4092,4092,4092,4093,4093,4093,4093,4092
1176,3659,1069,605,740,656,618,250,515,516,151,35,102,128,71,90,68,3956,4092,4093,4093,4092,4093,4093,4093,4092
1190,3659,1076,601,735,640,638,248,521,519,151,34,105,129,72,90,68,3920,4091,4092,4093,4092,4093,4092,4093,4093
1204,3659,1073,613,757,637,645,255,519,524,152,34,106,129,71,90,67,3873,4090,4092,4093,4092,4092,4092,4093,4092
1217,3659,1079,619,764,634,639,255,530,521,152,34,106,129,70,90,67,3819,4090,4092,4092,4092,4092,4092,4093,4092
1231,3662,1082,622,752,654,633,257,519,529,151,34,107,129,71,91,67,3755,4089,4092,4092,4092,4092,4092,4092,4092
1245,3661,1080,621,745,653,626,256,518,522,157,35,107,132,78,91,68,3693,4088,4092,4092,4092,4093,4092,4092,4092
1259,3660,1077,616,744,653,654,251,523,515,155,35,114,130,72,92,69,3630,4087,4092,4092,4092,4092,4092,4092,4092
1273,3659,1076,617,743,666,627,247,519,515,158,35,108,132,70,92,68,3533,4085,4092,4092,4092,4092,4092,4092,4092
1287,3662,1082,613,754,661,624,248,523,511,152,35,114,133,71,92,68,2945,4077,4092,4092,4092,4092,4092,4092,4092
1301,3660,1089,629,749,674,632,252,521,518,156,35,113,135,70,92,69,1707,4063,4092,4092,4092,4092,4092,4092,4092
1314,3659,1091,624,754,686,636,252,534,513,160,36,113,131,70,92,68,921,4055,4092,4092,4092,4092,4092,4092,4092
1328,3658,1098,628,744,675,626,255,527,513,162,34,115,129,70,92,67,609,4051,4092,4092,4092,4092,4092,4092,4092
1342,3657,1097,629,746,674,627,255,523,527,156,35,113,136,73,92,70,478,4049,4092,4092,4092,4092,4092,4092,4092
1356,3655,1094,622,749,689,628,255,525,515,159,35,111,135,71,92,69,415,4048,4092,4092,4092,4092,4092,4092,4092
1370,3653,1103,620,744,690,627,252,526,525,160,35,112,136,71,92,69,387,4046,4092,4092,4092,4092,4092,4092,4092
1384,3653,1102,631,748,684,637,251,536,523,156,35,115,137,70,92,68,358,4045,4092,4092,4092,4092,4092,4092,4092
1397,3651,1106,625,759,682,628,253,533,521,150,34,112,136,71,93,68,358,4044,4092,4092,4092,4092,4092,4092,4092
1411,3651,1103,628,750,674,646,252,525,527,156,34,112,136,71,93,69,356,4043,4092,4092,4092,4092,4092,4093,4092
1425,3650,1106,633,761,667,636,253,514,523,157,34,110,139,70,92,70,356,4041,4092,4092,4092,4092,4092,4092,4092
1439,3652,1111,632,751,676,636,253,529,525,160,35,114,139,72,94,69,359,4040,4092,4092,4092,4092,4092,4092,4092
1453,3651,1109,637,743,674,633,254,519,520,159,35,114,131,71,94,70,355,4038,4092,4092,4092,4092,4092,4092,4092
1467,3650,1107,643,740,679,631,252,529,525,158,35,115,142,73,95,69,357,4036,4092,4092,4092,4092,4092,4092,4092
1480,3652,1109,647,749,684,639,254,522,528,162,35,112,142,73,94,70,376,4033,4092,4092,4092,4092,4092,4092,4092
1494,3649,1112,645,743,679,655,251,516,530,159,35,114,143,71,94,69,369,4030,4092,4092,4092,4092,4092,4092,4092
1508,3651,1118,639,730,678,662,251,525,530,158,35,114,144,72,95,70,374,4026,4092,4092,4092,4092,4092,4092,4092
1522,3650,1120,639,740,665,663,254,521,536,159,35,114,138,71,93,69,374,4022,4092,4092,4092,4092,4092,4092,4092
1536,3648,1115,638,749,665,650,254,521,539,157,35,112,142,70,92,68,379,4017,4092,4092,4092,4092,4092,4092,4092
1550,3649,1127,647,748,660,665,256,515,535,155,35,112,141,71,92,68,384,4009,4092,4092,4092,4092,4092,4092,4092
1563,3647,1132,644,750,664,659,255,510,511,158,35,110,141,70,93,68,372,3999,4092,4092,4092,4092,4092,4092,4092
1577,3643,1127,650,756,679,674,257,513,517,156,34,110,136,71,91,67,386,3986,4092,4092,4092,4092,4092,4092,4092
1591,3639,1126,648,758,673,665,255,527,513,157,34,111,135,69,91,66,377,3969,4092,4092,4092,4092,4092,4092,4092
1605,3632,1132,648,742,682,654,258,523,516,158,34,109,134,72,91,66,380,3947,4091,4092,4092,4092,4092,4092,4092
1619,3626,1132,646,743,675,653,255,519,509,160,33,111,136,67,90,66,377,3918,4091,4092,4092,4092,4092,4092,4092
1633,3621,1133,643,748,682,651,255,516,506,160,33,113,134,67,91,66,380,3884,4090,4092,4092,4092,4092,4092,4092
1647,3616,1137,642,740,677,646,255,512,518,156,33,108,133,68,89,65,384,3850,4090,4092,4092,4092,4092,4092,4092
1660,3609,1142,643,744,674,652,265,515,521,149,33,107,132,66,89,64,381,3814,4089,4092,4092,4092,4092,4092,4092
1674,3605,1142,633,746,670,652,259,519,523,147,32,106,130,66,88,64,387,3771,4089,4092,4092,4092,4092,4092,4092
1688,3600,1144,637,762,671,661,259,522,522,146,33,105,130,64,86,63,394,3713,4088,4092,4092,4092,4092,4092,4092
1702,3597,1140,645,772,668,652,255,535,514,143,32,104,130,66,86,62,398,3647,4087,4092,4092,4092,4092,4092,4092
1716,3589,1149,648,767,666,645,257,534,509,145,32,106,128,66,84,62,404,3575,4086,4092,4092,4092,4092,4092,4092
1730,3583,1148,652,752,650,639,259,534,507,145,32,104,124,64,85,62,396,3495,4085,4092,4092,4092,4092,4092,4092
1743,3579,1153,644,753,658,639,255,527,510,144,32,103,126,64,84,62,396,3416,4083,4092,4092,4092,4092,4092,4092
1757,3571,1156,640,762,668,639,255,540,510,144,32,104,127,63,84,62,393,3340,4082,4092,4092,4092,4092,4092,4092
1771,3566,1155,642,746,662,640,255,540,508,144,31,103,127,62,83,61,394,3218,4080,4092,4092,4092,4092,4092,4092
1785,3569,1108,647,739,655,652,254,534,506,146,31,102,125,63,82,61,396,2835,4075,4092,4092,4092,4092,4092,4092
1799,3565,1155,651,742,665,647,257,539,511,144,31,101,124,63,82,60,396,1692,4063,4092,4092,4092,4092,4092,4092
1813,3558,1159,653,742,663,643,255,530,505,144,31,100,118,63,82,60,399,722,4053,4092,4092,4092,4092,4092,4092
1826,3550,1164,659,744,674,648,254,525,505,141,31,99,123,61,81,59,396,367,4049,4092,4092,4092,4092,4092,4092
1840,3540,1162,661,744,681,649,257,536,503,133,30,100,124,62,80,58,397,223,4047,4092,4092,4092,4092,4092,4092
1854,3532,1160,652,753,676,651,252,537,503,133,30,99,123,60,80,59,399,171,4045,4092,4092,4092,4092,4092,4092
1868,3526,1165,649,761,672,647,251,527,498,133,30,96,121,60,80,58,394,149,4044,4092,4092,4092,4092,4092,4092
1882,3520,1163,640,749,672,656,252,532,500,138,30,98,120,60,79,58,396,141,4044,4092,4092,4092,4092,4092,4092
1896,3510,1168,649,747,665,654,252,537,494,136,30,97,120,60,77,59,400,148,4043,4092,4092,4092,4092,4092,4092
1909,3505,1167,666,742,662,654,250,518,500,138,29,95,119,60,79,57,401,145,4043,4092,4092,4092,4092,4092,4092
1923,3497,1172,664,753,667,662,254,528,498,136,29,97,118,61,77,58,398,149,4042,4092,4092,4092,4092,4092,4092
1937,3490,1178,661,752,673,642,252,523,502,136,29,92,117,59,77,56,394,150,4042,4092,4092,4092,4092,4092,4092
1951,3484,1185,658,752,683,637,252,518,497,135,29,96,116,58,76,56,395,151,4042,4092,4092,4092,4092,4092,4092
1965,3481,1181,664,761,667,652,254,529,487,134,29,96,114,57,77,56,398,151,4041,4092,4092,4092,4092,4092,4092
1979,3477,1183,673,766,669,654,256,535,490,135,29,96,116,58,76,56,404,154,4041,4092,4092,4092,4092,4092,4092
1993,3476,1181,676,759,675,646,255,530,490,132,29,94,116,58,76,55,399,155,4040,4092,4092,4092,4092,4092,4092
0,213,244,3142,3990,4074,4084,4085,4079,4029,4022,4017,4017,4017,4020,4020,4010,4088,4085,4090,4089,4089,4086,4086,4091,4080
13,167,216,3296,3971,4064,4082,4083,4078,4016,4008,4003,4002,4001,4004,4005,3994,4085,4083,4089,4088,4087,4085,4083,4090,4083
27,173,213,3306,3919,4050,4078,4080,4077,3999,3990,3984,3986,3984,3989,3990,3978,4084,4081,4087,4086,4085,4083,4082,4090,4086
41,174,208,2778,3764,4008,4070,4077,4074,3983,3972,3966,3964,3963,3968,3970,3956,4082,4077,4085,4085,4084,4082,4084,4091,4089
55,177,198,2333,3217,3922,4057,4071,4071,3964,3951,3940,3944,3941,3947,3949,3932,4078,4076,4085,4083,4084,4085,4086,4092,4090
69,180,187,2388,1076,3549,4001,4053,4067,3941,3926,3917,3924,3923,3930,3932,3912,4078,4075,4085,4086,4087,4087,4088,4092,4091
83,181,183,2488,798,2240,3834,3997,4058,3928,3910,3904,3896,3896,3907,3909,3895,4076,4076,4086,4087,4088,4088,4090,4093,4091
96,180,180,2385,597,533,2898,3803,4021,3891,3873,3862,3859,3855,3859,3860,3839,4077,4080,4086,4088,4089,4089,4091,4093,4091
110,182,178,2280,644,633,754,2853,3886,3816,3791,3781,3778,3765,3773,3774,3758,4079,4077,4088,4089,4091,4090,4091,4093,4091
124,186,177,2283,583,550,732,363,3343,3614,3560,3553,3545,3528,3524,3504,3458,4077,4080,4090,4090,4091,4090,4092,4093,4091
138,187,178,2099,528,570,569,373,779,2580,2456,2446,2420,2369,2323,2288,2247,4061,4083,4089,4091,4092,4091,4092,4093,4091
152,187,181,2017,601,456,542,289,476,991,1072,1170,1195,1171,1144,1117,1095,4044,4084,4090,4091,4092,4091,4092,4093,4090
166,189,185,2107,520,479,505,304,480,405,276,673,829,854,860,856,847,4043,4084,4090,4091,4092,4092,4092,4093,4090
179,191,190,2073,470,421,481,290,474,340,113,239,617,707,737,739,733,4042,4086,4090,4091,4092,4092,4092,4093,4090
193,193,196,2010,446,411,462,286,504,340,63,31,240,551,623,629,625,4040,4085,4091,4092,4091,4092,4092,4093,4089
207,194,204,1881,492,393,433,250,455,322,51,23,47,278,520,545,544,4038,4085,4091,4092,4092,4092,4092,4093,4089
221,194,208,1782,440,386,505,242,425,308,46,17,41,47,415,485,489,4037,4086,4091,4092,4092,4091,4092,4093,4088
235,193,210,1629,427,363,423,262,456,279,42,13,30,35,221,427,441,4035,4083,4090,4091,4092,4091,4091,4093,4087
249,192,211,1551,440,359,418,238,470,269,38,12,32,33,25,377,413,4032,4082,4090,4091,4092,4091,4091,4092,4086
262,190,211,1488,431,371,419,241,400,258,37,12,29,31,23,275,382,4024,4084,4091,4091,4092,4091,4091,4092,4086
276,188,211,1423,419,352,426,235,400,251,32,12,26,28,20,122,335,4014,4082,4091,4091,4091,4091,4090,4092,4084
290,187,211,1359,416,348,392,238,382,244,30,11,24,26,21,26,292,3992,4078,4089,4091,4091,4091,4090,4092,4083
304,185,211,1305,405,342,402,229,385,234,30,12,23,25,19,23,220,3951,4070,4089,4090,4091,4091,4089,4092,4081
318,183,211,1278,415,340,396,220,379,235,27,11,21,22,18,23,123,3879,4062,4089,4089,4090,4090,4089,4092,4080
332,181,210,1288,430,348,421,217,429,231,26,11,21,22,21,22,61,3765,4053,4088,4089,4090,4090,4088,4091,4079
346,179,211,1320,419,355,391,248,376,228,28,10,21,22,19,22,14,3583,4039,4087,4088,4090,4090,4087,4091,4078
359,177,210,1343,432,357,390,218,371,226,28,11,20,23,18,23,17,3312,4018,4085,4087,4089,4089,4087,4090,4077
373,175,209,1353,419,362,393,205,385,229,30,11,21,22,18,22,17,2861,3985,4082,4086,4088,4089,4086,4090,4076
387,174,208,1337,422,370,390,202,377,231,28,10,20,21,19,22,18,2285,3941,4079,4085,4087,4088,4085,4089,4074
401,172,207,1331,440,354,396,218,374,233,29,10,20,21,18,22,15,1371,3874,4074,4084,4085,4087,4084,4087,4072
415,171,207,1348,438,374,400,206,414,238,28,10,22,21,19,23,16,895,3801,4068,4083,4084,4085,4083,4085,4071
429,171,207,1368,436,370,395,228,381,238,29,10,21,22,19,23,20,435,3686,4061,4083,4083,4085,4082,4085,4070
442,170,207,1379,457,382,406,210,398,234,30,12,21,25,19,24,16,293,3569,4055,4083,4084,4085,4083,4085,4071
456,169,207,1394,437,386,414,209,380,236,29,10,22,22,18,23,16,286,3392,4047,4082,4084,4084,4082,4084,4070
470,169,207,1392,443,382,414,200,386,238,29,11,23,22,18,25,16,281,3200,4040,4081,4084,4085,4083,4085,4071
484,168,208,1404,446,388,412,202,393,234,33,10,22,22,19,22,18,286,2937,4031,4079,4085,4084,4083,4085,4071
498,167,208,1418,507,390,441,202,386,241,30,10,22,23,18,23,16,326,2688,4024,4078,4085,4084,4083,4085,4073
512,166,208,1460,433,347,434,205,381,242,31,10,22,23,19,24,17,284,2207,4011,4076,4085,4084,4083,4085,4073
525,165,208,1414,435,360,422,204,384,230,28,9,21,22,18,21,17,285,1562,3991,4073,4083,4083,4082,4084,4069
539,164,207,1336,419,365,396,204,395,236,28,10,22,23,18,23,15,282,1198,3983,4074,4083,4083,4082,4084,4071
553,164,207,1415,430,375,410,204,379,236,35,10,22,23,18,23,17,306,936,3972,4075,4084,4083,4082,4085,4071
567,163,207,1424,439,376,411,203,378,242,29,11,24,26,20,23,17,291,747,3964,4077,4085,4083,4083,4085,4074
581,163,208,1487,443,381,416,215,379,244,33,12,24,27,21,24,18,291,180,3945,4078,4085,4084,4084,4086,4076
595,163,208,1556,429,397,432,202,384,254,34,10,24,27,20,26,17,291,152,3923,4078,4086,4085,4085,4087,4077
608,163,208,1606,445,395,423,207,414,253,34,11,25,27,20,27,18,302,151,3870,4075,4085,4085,4084,4086,4075
622,164,208,1511,426,385,406,206,414,243,32,11,24,25,19,24,18,285,152,3821,4072,4085,4085,4084,4086,4075
636,164,209,1535,430,384,416,207,387,253,31,10,23,26,19,23,17,290,163,3784,4071,4086,4085,4084,4086,4076
650,164,209,1596,438,386,427,218,391,263,34,11,25,28,21,26,18,299,189,3777,4071,4086,4087,4086,4088,4080
664,165,210,1786,447,408,443,238,402,267,38,12,29,32,23,29,22,305,179,3791,4074,4088,4088,4087,4089,4082
678,165,210,1865,484,427,443,217,465,274,39,16,29,32,25,28,21,303,177,3705,4069,4087,4088,4087,4089,4081
692,165,210,1779,458,409,450,216,403,270,37,12,30,30,21,27,20,312,173,3537,4060,4087,4088,4086,4088,4079
705,165,210,1646,446,400,425,210,401,254,36,11,25,28,21,26,18,306,170,3321,4052,4086,4087,4085,4087,4078
719,165,210,1660,443,390,430,212,396,251,35,12,28,29,22,26,19,303,173,3117,4049,4086,4087,4085,4088,4079
733,165,212,1691,445,394,427,215,397,255,36,12,27,30,21,26,19,302,164,2848,4045,4086,4087,4086,4088,4080
747,165,212,1739,450,400,428,215,395,257,35,12,27,30,21,27,19,307,170,2541,4041,4086,4087,4086,4088,4081
761,166,212,1792,458,401,430,216,404,256,37,12,28,30,21,26,20,311,162,2168,4031,4085,4087,4085,4088,4080
775,166,212,1751,451,393,431,215,406,258,36,12,28,29,21,26,19,307,166,1875,4020,4084,4086,4085,4087,4078
788,167,212,1585,433,363,423,216,400,241,31,11,23,26,19,25,17,295,163,1491,3997,4081,4085,4083,4086,4075
802,169,211,1555,432,372,426,216,392,246,32,11,25,30,20,25,18,299,164,1477,4001,4082,4086,4084,4087,4077
816,170,212,1635,442,379,422,208,385,246,33,12,24,26,19,24,18,292,169,1249,3982,4080,4085,4083,4086,4075
830,171,212,1587,435,369,407,210,391,247,31,10,24,26,19,24,17,294,161,1003,3973,4079,4084,4083,4086,4075
844,173,213,1628,447,384,418,210,401,254,34,11,25,29,20,25,18,296,162,553,3970,4079,4085,4083,4087,4076
858,171,213,1633,442,382,419,210,395,246,32,11,25,26,21,24,18,315,188,440,3954,4078,4084,4083,4086,4076
871,168,213,1660,449,384,419,210,383,247,33,11,25,26,20,23,17,292,175,392,3926,4076,4084,4082,4086,4074
885,172,213,1570,442,375,416,207,381,244,32,11,24,25,19,24,17,304,169,417,3912,4076,4084,4082,4086,4075
899,175,214,1628,445,377,415,209,388,244,32,11,25,26,20,25,18,298,175,410,3896,4077,4084,4082,4086,4075
913,179,214,1599,451,378,415,209,385,244,32,10,23,26,19,23,16,293,170,410,3852,4074,4083,4081,4085,4073
927,182,214,1548,440,368,407,205,383,239,31,10,24,26,20,24,17,292,178,410,3854,4076,4084,4083,4086,4076
941,181,215,1678,460,386,413,209,392,243,32,10,24,26,19,23,17,288,168,401,3787,4073,4083,4081,4085,4072
955,182,215,1536,436,364,403,205,381,234,29,10,22,23,17,21,15,282,168,392,3700,4069,4082,4079,4084,4070
968,182,215,1474,424,357,394,205,399,228,27,10,21,22,17,20,15,287,170,398,3640,4067,4081,4079,4084,4069
982,182,214,1473,423,351,394,201,366,228,28,10,21,22,17,21,15,280,163,397,3583,4066,4081,4079,4084,4069
996,183,215,1496,423,349,400,201,383,228,28,9,21,22,17,21,15,281,162,398,3505,4064,4081,4079,4084,4069
1010,181,215,1483,422,347,399,201,377,228,27,9,21,22,17,20,15,281,164,393,3392,4059,4081,4078,4084,4068
1024,180,215,1472,420,343,392,198,370,225,25,9,20,21,16,20,14,279,173,387,3256,4053,4080,4078,4083,4067
1038,176,215,1428,410,337,386,198,368,220,25,9,19,21,16,20,14,274,159,383,3100,4047,4080,4077,4083,4066
1051,170,215,1432,415,341,385,196,364,221,25,9,19,20,16,19,15,279,166,398,2929,4040,4079,4076,4082,4065
1065,164,215,1415,409,336,385,196,363,218,25,9,18,20,15,19,13,272,164,383,2721,4033,4079,4076,4083,4065
1079,161,215,1411,407,336,384,194,363,217,24,8,19,20,15,20,13,268,164,383,2467,4024,4079,4076,4082,4064
1093,152,215,1399,408,331,384,199,367,217,25,9,19,20,16,19,14,270,162,384,2198,4015,4078,4076,4082,4064
1107,159,215,1407,411,336,383,197,363,215,24,8,19,19,15,19,13,272,164,384,1941,4007,4078,4076,4082,4065
1121,161,216,1423,406,340,392,194,368,220,25,9,19,20,15,19,14,285,175,382,1733,4000,4078,4077,4083,4065
1134,162,216,1450,419,338,385,199,367,218,26,9,19,20,15,19,14,279,175,388,1559,3994,4078,4077,4083,4066
1148,162,217,1470,425,346,398,195,367,224,26,9,19,21,17,20,14,276,164,388,1434,3991,4078,4078,4083,4068
1162,162,217,1520,435,349,403,198,370,226,26,9,20,21,16,20,14,283,173,386,1276,3984,4078,4078,4083,4068
1176,163,217,1510,430,348,399,196,368,223,26,9,19,21,16,20,14,287,169,402,1192,3983,4079,4079,4084,4069
1190,163,218,1553,437,363,407,198,378,232,28,9,20,22,16,21,15,289,171,399,1122,3981,4079,4079,4084,4071
1204,164,218,1601,449,368,422,199,387,233,29,10,21,24,17,22,16,295,169,400,1132,3988,4080,4081,4086,4074
1217,165,220,1744,471,390,440,205,399,248,33,11,25,28,20,25,18,309,172,421,1306,4008,4083,4084,4088,4080
1231,165,222,1950,489,426,461,211,413,269,39,13,30,34,24,30,22,321,183,432,1578,4028,4087,4088,4090,4085
1245,166,223,2208,529,451,486,220,429,296,48,15,35,43,28,35,27,344,183,450,1795,4042,4089,4090,4091,4088
1259,167,224,2477,559,492,513,224,434,326,61,19,46,55,35,44,34,341,183,456,1432,4048,4091,4091,4091,4090
1273,168,226,2681,593,521,525,227,439,365,76,23,58,69,50,55,42,360,194,467,708,4048,4092,4092,4092,4092
1287,168,227,2854,597,532,533,230,454,389,89,28,66,80,54,63,50,353,184,464,323,4046,4092,4092,4092,4092
1301,169,227,2937,615,544,537,235,453,402,96,30,74,90,58,74,55,358,189,472,194,4045,4092,4092,4092,4092
1314,169,228,2981,621,556,550,233,456,417,112,32,80,96,60,74,57,357,186,474,154,4045,4092,4092,4092,4092
1328,168,228,3013,631,554,542,235,456,427,109,33,82,99,64,78,60,359,188,473,142,4044,4092,4092,4092,4092
1342,168,228,3047,622,554,547,236,462,442,115,35,85,104,66,82,62,357,186,470,129,4044,4092,4092,4092,4092
1356,168,229,3063,627,540,553,235,469,438,119,36,89,110,72,83,65,354,188,469,125,4044,4092,4092,4092,4092
1370,168,229,3071,625,558,548,234,458,453,122,36,91,110,68,85,67,360,184,476,124,4044,4092,4092,4092,4092
1384,168,229,3077,627,559,558,237,452,447,124,37,95,112,74,88,74,364,189,473,136,4044,4092,4092,4092,4092
1397,168,230,3087,632,559,557,246,457,450,143,37,95,115,72,89,69,363,188,478,137,4044,4092,4092,4092,4092
1411,169,230,3098,632,564,548,239,462,453,128,38,96,119,74,91,73,361,184,508,141,4044,4092,4092,4092,4092
1425,169,230,3101,636,558,545,236,469,461,133,39,100,119,76,92,72,361,185,481,147,4043,4092,4092,4092,4092
1439,170,230,3099,639,554,555,238,463,455,135,38,103,121,76,95,72,360,190,482,150,4043,4092,4092,4092,4092
1453,170,231,3092,629,560,558,242,468,461,136,40,100,123,83,95,75,354,186,474,153,4043,4092,4092,4092,4092
1467,171,231,3079,630,553,558,240,465,459,135,39,102,124,79,98,74,355,187,477,160,4043,4092,4092,4092,4092
1480,171,231,3087,634,554,553,240,460,454,136,41,102,124,79,99,75,362,193,475,161,4042,4092,4092,4092,4092
1494,171,231,3075,628,549,556,237,463,471,139,42,101,128,83,98,75,357,187,489,163,4042,4092,4092,4092,4092
1508,172,231,3067,640,551,554,241,466,461,139,41,103,127,81,97,77,361,195,479,165,4042,4092,4092,4092,4092
1522,172,232,3078,647,546,561,238,469,470,137,41,103,126,78,98,78,354,192,482,164,4042,4092,4092,4092,4092
1536,172,232,3053,650,556,560,241,467,471,140,43,105,127,87,104,75,357,198,478,159,4041,4092,4092,4092,4092
1550,172,232,3046,648,552,567,239,463,471,140,41,104,128,80,100,79,363,201,473,156,4041,4092,4092,4092,4092
1564,172,232,3039,648,555,567,240,470,473,143,42,107,127,82,101,78,356,192,482,161,4040,4092,4092,4092,4092
1577,172,232,3028,646,561,570,242,466,482,147,42,105,130,81,101,78,360,196,478,161,4040,4092,4092,4092,4092
1591,172,232,3006,641,565,562,240,465,475,147,43,106,131,84,104,82,357,197,479,159,4040,4092,4092,4092,4092
1605,172,232,3003,637,568,566,237,468,478,147,42,110,132,84,102,79,362,203,484,166,4039,4092,4092,4092,4092
1619,172,232,2962,642,568,559,238,470,477,146,45,111,136,81,103,82,358,200,481,166,4039,4092,4092,4093,4092
1633,172,232,2942,627,567,557,241,471,479,149,42,107,132,84,103,81,369,196,484,169,4038,4092,4092,4092,4092
1647,172,232,2939,636,565,559,237,472,485,147,43,112,132,87,103,84,364,193,494,163,4037,4092,4092,4092,4092
1660,172,232,2909,635,572,556,237,465,487,150,43,110,136,83,103,83,356,196,473,166,4036,4092,4092,4093,4092
1674,172,232,2904,638,577,555,243,465,487,150,44,110,132,89,104,83,358,196,469,162,4036,4092,4092,4092,4092
1688,172,232,2897,642,575,559,236,470,479,151,46,108,135,84,103,81,360,210,472,167,4035,4092,4092,4093,4092
1702,172,232,2870,646,573,562,238,469,487,150,46,110,131,84,104,81,357,195,481,166,4034,4092,4092,4092,4092
1716,173,232,2872,650,572,569,236,467,481,152,44,111,131,84,104,81,359,194,470,169,4032,4092,4092,4093,4092
1730,173,232,2865,648,579,567,237,468,482,149,43,110,135,86,104,80,366,191,479,165,4031,4092,4092,4092,4092
1743,173,232,2848,659,586,570,240,474,478,153,43,109,133,84,104,80,365,192,479,164,4029,4092,4092,4092,4092
1757,173,232,2807,662,585,568,240,473,477,150,43,109,133,85,104,81,357,192,478,162,4027,4092,4092,4093,4092
1771,173,232,2794,662,584,566,241,468,475,151,43,108,132,84,104,81,355,195,477,159,4025,4092,4092,4092,4092
1785,173,232,2797,661,580,567,239,468,475,150,44,109,134,83,104,80,360,192,472,166,4023,4092,4092,4093,4092
1799,173,232,2761,661,589,568,237,473,473,148,44,108,133,84,103,83,363,190,473,159,4021,4092,4092,4093,4092
1813,173,232,2744,664,590,570,237,477,475,150,43,109,132,93,104,81,360,198,478,161,4018,4092,4092,4092,4092
1826,173,232,2756,669,589,568,237,469,475,149,43,108,135,85,104,81,358,193,466,160,4016,4092,4092,4093,4092
1840,173,232,2744,665,583,572,240,467,480,149,43,110,132,83,103,81,355,195,475,162,4013,4092,4092,4092,4092
1854,173,232,2764,668,584,570,238,465,473,149,44,107,133,84,107,80,359,194,470,162,4010,4092,4092,4092,4092
1868,173,232,2744,666,588,566,239,472,482,152,43,107,131,86,104,81,362,203,480,165,4006,4092,4092,4092,4092
1882,173,231,2767,672,588,568,236,470,479,150,44,110,134,83,103,80,358,195,477,163,4003,4092,4092,4093,4092
1896,173,231,2776,675,591,567,237,465,476,149,43,110,131,84,104,81,362,192,472,161,3998,4092,4092,4093,4092
1910,173,231,2782,673,596,566,236,464,477,150,43,108,131,83,102,80,356,202,470,166,3993,4092,4092,4093,4092
1923,173,231,2794,678,589,571,238,467,474,147,43,108,131,85,102,81,359,198,473,168,3988,4092,4092,4093,4092
1937,173,231,2791,684,593,564,238,469,480,145,43,108,130,84,105,81,361,214,467,173,3981,4092,4092,4092,4092
1951,173,231,2805,683,592,573,239,462,478,148,43,108,134,83,104,80,356,191,468,164,3974,4092,4092,4092,4092
1965,173,230,2787,684,587,567,238,464,483,148,42,108,133,84,103,79,351,188,472,170,3964,4092,4092,4092,4092
1979,173,230,2788,686,588,563,237,464,477,147,42,108,130,83,102,81,354,187,468,182,3953,4092,4092,4092,4092
1993,172,230,2757,689,595,562,238,463,478,148,42,108,130,84,102,79,355,191,475,165,3940,4091,4093,4092,4092
2006,173,230,2748,692,594,566,239,465,479,146,42,106,129,83,102,86,359,194,465,170,3929,4091,4092,4093,4092
2020,173,230,2739,696,586,561,240,461,478,145,42,106,130,81,100,79,355,191,466,166,3917,4091,4092,4092,4092
2034,172,230,2706,692,585,561,239,464,469,145,42,107,129,79,100,79,361,193,472,168,3907,4091,4092,4092,4092
2048,172,230,2680,691,583,570,239,462,475,143,41,106,130,80,100,80,358,196,472,167,3893,4091,4092,4092,4092
2062,172,230,2686,691,580,575,238,466,477,143,42,105,131,80,105,80,362,191,468,168,3880,4091,4092,4092,4092
2076,172,230,2677,691,576,574,237,465,474,145,42,105,127,82,99,79,353,192,466,165,3867,4091,4092,4092,4092
2089,172,230,2657,690,577,578,238,465,474,142,41,104,129,79,99,77,354,191,471,170,3852,4090,4092,4093,4092
0,173,248,3800,3998,4050,4072,4073,4073,3970,3958,3947,3941,3934,3942,3943,3926,4077,4076,4085,4083,4080,4078,4075,4085,4070
13,173,266,3780,3975,4036,4066,4067,4069,3941,3923,3912,3914,3911,3921,3924,3903,4075,4074,4083,4081,4078,4076,4075,4085,4076
27,177,282,3028,3916,4014,4060,4060,4062,3921,3901,3891,3887,3883,3892,3898,3874,4071,4067,4081,4077,4076,4073,4071,4085,4086
41,179,292,2649,3739,3952,4042,4053,4062,3905,3873,3860,3867,3865,3873,3884,3859,4070,4067,4077,4075,4062,4073,4075,4089,4090
55,179,299,1804,2725,3801,3999,4003,4052,3864,3833,3826,3831,3821,3818,3838,3827,4064,4063,4076,4075,4076,4075,4081,4091,4092
69,179,303,1937,1569,2690,3836,3953,4031,3823,3731,3728,3770,3721,3781,3794,3759,4056,4059,4073,4069,4075,4080,4086,4092,4092
83,177,306,1361,928,912,2999,3637,3951,3733,3692,3670,3669,3665,3656,3685,3657,4062,4061,4079,4075,4079,4085,4090,4093,4093
96,178,303,1139,753,609,1357,1697,3586,3495,3471,3436,3458,3441,3458,3449,3436,4045,4063,4078,4082,4085,4089,4092,4093,4093
110,181,304,1571,679,593,929,743,2421,2565,2664,2834,2880,2860,2895,2884,2822,4045,4067,4081,4085,4089,4091,4092,4093,4092
124,183,306,2450,589,652,817,314,724,1358,1317,2157,2332,2283,2335,2337,2293,4031,4063,4083,4088,4091,4092,4093,4093,4093
138,184,308,2211,577,568,606,410,588,738,492,1032,1643,1870,1954,1968,1938,4027,4068,4086,4090,4092,4092,4093,4093,4093
152,185,309,1150,610,525,706,441,641,480,158,116,509,499,1555,1664,1624,4007,4070,4087,4091,4092,4092,4093,4093,4093
166,185,309,1402,700,519,621,343,594,493,155,94,391,303,547,1374,1454,3996,4063,4088,4092,4092,4093,4093,4093,4093
179,185,307,1907,568,543,591,322,646,455,151,99,105,238,127,309,1113,3945,4054,4088,4092,4092,4093,4093,4093,4092
193,185,304,1102,609,510,604,318,484,439,144,56,96,186,94,124,258,3631,4019,4086,4092,4092,4092,4092,4092,4092
207,185,301,1214,565,539,537,321,567,407,130,59,94,98,76,104,117,889,3865,4081,4092,4092,4092,4092,4092,4092
221,185,298,1374,570,531,577,338,515,448,112,71,81,149,95,94,84,810,3443,4068,4092,4092,4092,4092,4092,4092
235,186,295,1354,589,513,615,332,628,499,118,44,103,89,92,72,64,429,333,4017,4091,4092,4092,4092,4092,4092
249,186,294,1284,619,529,529,278,661,433,108,42,110,94,60,73,76,412,230,3977,4089,4092,4092,4092,4092,4092
263,186,293,1202,570,530,626,415,530,414,116,47,89,96,67,74,57,463,366,3862,4086,4092,4092,4092,4092,4092
276,187,292,1194,565,518,512,292,548,426,121,50,105,104,80,81,60,398,197,3641,4080,4092,4092,4092,4092,4092
290,187,292,1155,563,518,523,316,490,448,115,50,84,103,87,83,62,388,170,3170,4070,4092,4092,4092,4092,4092
304,187,294,1136,568,548,509,289,504,434,118,42,87,121,81,88,71,381,187,515,4032,4092,4092,4092,4092,4092
318,188,296,1240,557,548,530,303,462,431,137,41,91,133,153,94,72,367,226,563,4020,4092,4092,4092,4092,4092
332,188,297,1235,564,532,510,284,471,445,121,45,89,115,79,103,67,375,194,565,3999,4092,4092,4092,4092,4092
346,188,297,1215,570,561,509,313,466,429,127,59,90,100,77,91,65,350,193,464,3958,4091,4092,4092,4092,4092
359,188,296,1211,598,527,521,274,511,440,122,60,110,109,75,94,71,398,200,481,3886,4089,4092,4092,4092,4092
373,188,285,1202,572,521,532,264,478,461,123,47,113,110,99,145,71,346,188,459,3762,4087,4092,4092,4092,4092
387,188,281,1216,569,511,510,260,467,445,121,54,95,129,77,90,69,380,222,506,3654,4085,4092,4092,4092,4092
401,189,281,1182,578,527,525,258,476,439,128,55,106,119,79,95,67,361,207,571,2675,4071,4092,4092,4092,4092
415,189,271,1161,581,521,591,284,462,463,163,43,96,113,76,95,74,381,205,464,896,4050,4092,4092,4092,4092
429,189,267,1140,584,524,525,260,491,462,135,46,114,114,77,99,70,362,218,476,238,4040,4092,4092,4092,4092
442,189,264,1124,587,532,530,258,484,450,141,49,122,155,81,105,76,368,222,536,184,4037,4092,4092,4092,4092
456,189,262,1113,589,530,531,283,461,492,143,46,113,133,78,100,85,363,212,470,168,4033,4092,4092,4092,4092
470,190,259,1102,586,530,538,265,459,469,143,46,101,130,93,101,75,359,222,471,168,4029,4092,4092,4092,4092
484,190,257,1111,583,519,534,258,481,458,151,66,100,124,85,102,80,352,245,456,173,4023,4092,4092,4092,4092
498,191,257,1105,587,529,521,262,464,515,135,54,105,120,80,106,77,378,201,459,177,4016,4092,4092,4092,4092
512,191,254,1103,590,534,526,260,467,453,137,45,104,128,91,101,100,372,204,459,223,4006,4092,4092,4092,4092
526,191,252,1072,589,537,540,262,470,481,138,45,104,126,85,108,79,364,209,472,225,3991,4092,4092,4093,4092
539,189,252,1076,597,535,541,261,458,472,144,46,113,121,106,105,79,352,217,498,253,3975,4092,4092,4092,4092
553,193,251,1092,597,555,589,259,466,472,143,46,103,126,85,108,80,355,225,470,195,3950,4091,4092,4092,4092
567,197,253,1095,598,539,538,259,466,485,144,44,117,125,94,104,85,355,208,499,197,3918,4091,4092,4093,4092
581,191,255,1085,609,624,536,261,472,475,142,45,111,128,92,105,82,352,200,462,208,3880,4090,4092,4092,4092
595,191,255,1079,604,539,545,269,458,477,140,47,115,126,83,109,79,377,200,655,203,3841,4090,4092,4092,4092
609,189,255,1080,610,550,534,259,482,476,153,45,112,126,85,113,79,351,242,441,186,3801,4089,4092,4093,4092
622,187,256,1164,611,544,539,257,466,484,147,46,109,129,88,103,82,354,219,468,171,3727,4088,4092,4092,4092
636,184,259,1073,641,543,531,269,473,476,164,45,110,129,86,104,84,356,199,559,186,3384,4083,4092,4092,4092
650,185,262,1060,604,545,527,261,487,478,144,45,111,129,86,105,82,353,211,461,179,1404,4061,4092,4092,4092
664,186,264,1071,596,548,554,262,471,473,147,49,111,134,83,102,79,409,201,465,194,516,4052,4092,4092,4092
678,184,264,1062,597,559,549,259,467,479,145,45,110,129,86,104,81,346,202,509,185,304,4048,4092,4093,4092
692,183,263,1064,598,563,555,265,465,477,148,46,109,124,83,103,79,353,200,485,182,217,4046,4092,4092,4092
706,183,262,1063,607,559,553,256,461,479,149,47,110,131,85,103,80,346,201,456,194,178,4045,4092,4092,4092
720,183,262,1063,603,556,569,255,464,475,148,45,111,128,83,104,81,353,193,466,175,177,4045,4092,4092,4092
734,183,262,1071,606,559,566,254,469,471,153,45,117,128,86,105,81,373,194,459,173,165,4044,4092,4092,4092
747,183,262,1070,608,550,566,255,461,479,148,50,112,134,84,105,81,348,196,454,180,186,4044,4092,4092,4092
761,183,262,1072,596,549,557,258,463,475,147,44,113,128,85,105,79,349,198,453,173,175,4043,4092,4092,4092
775,184,261,1073,598,553,544,257,471,476,147,45,111,131,85,104,78,348,199,470,168,181,4042,4092,4092,4092
789,184,261,1080,602,552,545,259,474,475,147,45,113,129,84,104,81,363,193,465,184,185,4042,4092,4093,4092
803,184,261,1078,605,557,543,260,465,469,151,43,110,131,88,104,78,356,197,461,170,194,4041,4092,4092,4092
817,184,261,1081,612,551,541,256,481,469,152,44,113,130,87,103,78,355,206,457,179,181,4040,4092,4092,4092
830,185,261,1087,608,550,540,258,481,483,150,43,113,132,87,109,83,366,193,463,202,188,4039,4092,4093,4092
844,185,261,1094,612,545,542,256,476,479,149,44,110,129,88,103,79,360,187,456,195,183,4037,4092,4092,4092
858,185,260,1084,608,549,537,258,479,478,149,45,112,129,85,107,78,352,189,465,186,186,4036,4092,4093,4092
872,185,261,1079,612,555,539,256,488,473,148,44,111,130,85,102,79,356,194,468,184,191,4034,4092,4092,4092
886,186,260,1079,612,551,547,259,482,474,147,44,110,128,86,102,79,360,191,476,193,188,4031,4092,4093,4092
900,186,260,1078,608,554,543,257,485,479,148,45,110,128,85,102,81,358,184,454,178,210,4029,4092,4092,4092
914,186,259,1079,611,562,542,277,482,472,156,44,111,129,84,104,78,360,180,466,173,183,4026,4092,4092,4092
927,187,259,1070,612,558,545,256,480,474,147,46,107,129,83,101,79,353,189,457,167,180,4023,4092,4093,4092
941,187,259,1070,612,572,543,256,476,467,145,43,109,129,83,100,80,356,188,483,167,179,4018,4092,4092,4092
955,187,258,1072,617,565,535,257,476,461,144,43,109,135,81,100,78,352,187,460,160,183,4012,4092,4092,4092
969,187,258,1064,610,554,539,256,473,471,143,43,108,125,78,100,75,348,194,460,173,186,4001,4092,4092,4092
983,188,257,1070,615,563,536,254,470,465,142,41,104,121,78,101,77,352,201,461,171,177,3983,4092,4092,4092
997,188,257,1069,615,558,541,257,472,463,133,39,98,117,75,91,70,352,194,478,172,185,3945,4091,4092,4092
1010,188,257,1059,613,554,539,255,471,447,124,37,91,106,68,83,64,345,198,461,176,175,3882,4090,4092,4092
1024,188,255,1056,607,553,536,255,471,442,115,34,86,99,63,78,60,367,193,485,166,174,3808,4088,4092,4092
1038,188,255,1056,606,556,537,255,469,433,110,33,82,95,61,76,61,353,183,458,166,176,3741,4087,4092,4092
1052,188,253,1043,611,549,530,254,467,426,107,32,80,94,60,74,55,356,191,471,165,178,3657,4085,4092,4092
1066,188,253,1044,611,540,530,257,475,413,102,32,77,91,59,72,53,358,181,455,160,179,3590,4084,4092,4092
1080,188,252,1053,619,547,535,257,470,422,103,32,79,93,59,73,54,342,181,456,180,177,3541,4084,4092,4092
1093,188,252,1042,614,555,538,254,472,421,105,32,78,93,59,73,54,348,182,454,170,177,3479,4083,4092,4092
1107,188,251,1043,612,546,536,256,464,417,104,32,76,91,58,74,55,344,183,446,173,173,3415,4081,4092,4092
1121,188,250,1053,611,543,532,264,463,419,103,32,77,91,57,70,54,345,187,454,174,183,3357,4081,4092,4092
1135,189,250,1020,613,542,532,263,466,419,105,32,78,93,59,72,55,354,184,450,172,175,3312,4080,4092,4092
1149,188,250,1031,608,541,528,259,480,416,104,32,77,91,60,71,55,353,189,464,171,178,3262,4079,4092,4092
1163,188,249,1013,610,540,530,254,467,409,103,31,76,90,59,70,53,351,178,473,170,183,3219,4078,4092,4092
1177,188,249,1007,609,542,529,253,468,413,101,31,76,89,57,69,52,356,180,442,175,187,3143,4076,4092,4092
1190,188,249,1012,610,542,533,255,470,402,97,30,72,84,55,65,49,353,191,487,170,186,3020,4073,4092,4092
1204,188,248,1004,604,539,530,252,461,402,94,28,70,83,53,66,48,360,177,450,166,186,2831,4070,4092,4092
1218,188,247,1004,605,536,527,254,465,400,92,28,69,82,53,64,48,346,178,454,179,182,2479,4065,4092,4092
1232,188,247,1012,604,534,525,255,460,393,91,29,68,81,53,64,46,351,187,459,165,179,1824,4057,4092,4092
1246,188,247,1011,606,533,522,259,465,395,91,29,68,79,51,62,47,350,179,471,165,182,1195,4050,4092,4092
1260,188,246,1017,610,528,522,256,459,390,90,28,68,80,51,62,48,356,173,457,163,180,784,4045,4092,4092
1273,188,246,1010,615,533,519,262,465,390,90,28,67,79,51,62,49,352,174,465,163,178,558,4043,4092,4092
1287,188,246,1013,604,535,523,254,465,388,90,28,67,80,50,61,46,349,181,463,165,180,420,4040,4092,4092
1301,188,246,1006,601,531,518,255,471,388,90,28,66,78,50,61,45,350,174,450,162,175,357,4038,4092,4092
1315,188,245,1007,599,534,529,253,461,388,89,27,65,77,49,60,44,351,176,461,163,178,296,4036,4092,4091
1329,188,245,1002,597,529,526,254,460,383,86,26,64,76,50,59,43,353,182,451,163,173,266,4034,4092,4091
1343,188,244,1013,596,528,532,252,463,384,87,26,64,77,49,59,44,358,180,465,164,176,247,4034,4092,4091
1357,188,244,1016,595,531,528,255,462,388,88,26,64,75,49,59,43,349,176,452,162,181,221,4032,4092,4091
1370,187,243,1005,595,530,521,252,452,378,84,25,62,73,48,56,43,344,173,448,162,196,209,4029,4092,4091
1384,187,243,1007,594,530,521,252,457,370,79,24,61,70,45,54,40,350,176,454,156,173,201,4024,4092,4091
1398,187,242,1000,593,526,519,251,453,363,77,24,57,68,44,54,39,351,175,449,158,170,199,4021,4091,4090
1412,187,241,996,589,519,515,252,455,364,76,23,57,66,42,51,38,342,176,450,161,171,196,4019,4091,4090
1426,187,240,1002,583,518,516,254,457,363,76,23,56,65,41,51,37,346,173,457,159,168,197,4017,4091,4090
1440,187,240,1012,586,515,516,252,456,361,75,23,55,66,42,51,37,346,175,446,159,170,195,4016,4091,4090
1453,187,240,1014,588,515,517,249,458,357,75,23,56,65,42,51,38,343,180,457,158,168,195,4016,4091,4090
1467,187,239,1010,585,516,522,255,455,363,76,24,57,67,43,52,38,347,175,451,161,172,196,4015,4091,4090
1481,187,239,1013,589,514,519,252,454,365,76,24,58,67,43,52,38,350,177,459,167,172,204,4013,4091,4090
1495,187,239,1016,588,519,515,252,457,367,76,24,57,67,42,52,38,349,175,455,173,168,202,4012,4091,4090
1509,187,238,1021,585,520,515,249,454,371,76,24,57,68,44,52,38,343,175,449,165,181,195,4011,4091,4090
1523,187,238,1019,589,517,511,253,461,366,77,24,57,67,42,53,38,351,175,448,159,171,197,4008,4091,4090
1536,187,238,1018,592,526,520,253,457,357,76,24,57,67,43,52,39,354,180,453,156,169,197,4007,4091,4090
1550,187,237,1015,589,526,523,255,467,365,75,23,57,67,43,56,39,361,175,451,158,168,198,4007,4091,4090
1564,187,237,1024,591,523,516,257,457,365,77,24,58,68,44,53,39,350,174,464,158,170,199,4008,4091,4090
1578,187,237,1029,595,530,515,255,461,366,79,24,60,70,44,54,41,367,178,455,157,168,198,4009,4091,4090
1592,187,237,1037,592,529,516,254,464,370,79,25,60,70,44,55,43,349,178,449,160,173,198,4009,4091,4090
1606,187,236,1031,601,530,525,256,459,370,80,24,61,70,46,55,42,346,174,453,158,172,199,4008,4091,4091
1620,187,236,1026,598,538,517,257,470,372,81,25,60,71,45,55,42,346,173,459,156,169,199,4008,4091,4091
1633,187,236,1031,606,535,521,260,461,377,83,25,62,72,47,57,42,348,172,447,158,166,203,4009,4091,4091
1647,187,235,1033,603,534,527,260,463,374,85,25,63,73,47,56,42,346,183,455,156,169,198,4008,4091,4091
1661,187,235,1039,598,531,524,257,465,376,84,25,61,73,47,58,41,351,175,456,158,169,196,4005,4091,4091
1675,187,235,1038,602,526,522,262,458,376,82,25,61,71,45,55,41,346,177,454,160,171,201,4002,4091,4090
1689,187,234,1041,604,528,521,247,455,376,83,25,61,70,44,54,40,346,175,453,158,170,202,4001,4091,4090
1703,187,234,1042,604,531,520,249,458,375,82,25,60,70,45,55,41,356,177,452,160,174,199,3999,4091,4090
1716,187,233,1045,605,533,524,248,456,374,82,25,60,71,44,55,40,348,179,453,158,184,204,3997,4091,4090
1730,187,233,1055,612,526,525,248,460,375,81,24,61,71,46,54,40,348,180,448,158,172,208,3995,4091,4090
1744,187,232,1056,606,521,516,249,456,375,80,26,57,68,41,50,42,347,179,453,157,169,200,3999,4091,4091
1758,187,232,1056,605,534,518,247,454,377,81,25,61,70,45,57,40,345,177,454,159,167,202,3990,4091,4090
1772,187,232,1065,610,532,519,252,467,367,81,25,59,70,44,57,40,354,173,451,168,174,201,3987,4091,4090
1786,187,231,1080,611,529,518,252,456,373,80,24,59,69,45,54,40,348,184,457,162,169,200,3984,4091,4090
1799,187,231,1084,610,529,518,250,467,364,78,24,59,68,43,52,38,352,173,451,160,171,198,3980,4091,4090
1813,187,231,1084,618,530,520,248,465,367,78,24,59,69,43,52,39,351,171,452,159,167,205,3976,4091,4090
1827,186,230,1097,616,530,526,249,461,366,77,24,58,68,43,53,39,350,177,451,161,165,198,3972,4090,4090
1841,186,230,1091,624,525,527,248,455,364,77,24,56,67,42,53,38,347,175,453,157,174,197,3970,4090,4090
1855,186,230,1096,623,527,528,248,457,366,76,24,57,67,43,52,38,338,172,454,159,167,199,3967,4090,4090
1869,186,230,1102,622,524,524,249,458,366,77,24,58,65,43,52,39,344,174,448,163,170,198,3966,4090,4090
1883,186,229,1095,621,525,525,250,467,367,78,24,58,66,43,52,38,348,176,453,160,171,201,3965,4090,4090
1896,186,230,1106,621,520,532,253,452,366,76,23,58,67,44,52,39,344,179,449,161,171,199,3963,4090,4089
1910,186,229,1111,623,526,519,250,460,365,78,23,57,68,45,52,40,347,175,454,156,171,198,3962,4090,4090
1924,186,229,1118,622,526,518,250,460,367,79,23,57,69,43,53,39,340,177,451,163,173,207,3961,4090,4090
1938,186,229,1119,623,526,531,253,452,368,78,24,58,67,44,53,39,347,180,446,159,169,198,3960,4090,4090
1952,187,229,1115,634,528,532,251,453,369,78,23,58,69,43,53,39,345,175,452,162,170,203,3959,4090,4090
1966,187,229,1119,634,527,531,254,459,368,79,24,60,69,43,53,39,343,176,452,159,170,200,3957,4090,4090
1979,186,229,1114,631,528,527,251,458,371,80,24,58,69,44,54,40,342,177,452,156,177,201,3957,4090,4090
1993,186,229,1127,636,525,533,250,463,371,81,24,59,68,45,53,40,345,178,456,158,174,195,3955,4090,4090
2007,186,228,1129,639,528,529,249,462,368,79,24,59,68,44,53,39,350,176,456,161,170,202,3955,4090,4090
2021,187,228,1128,642,535,530,252,466,372,80,23,59,70,45,53,40,341,182,452,161,167,197,3952,4090,4090
2035,187,228,1121,638,539,527,251,471,368,80,24,59,68,43,54,40,343,177,449,162,171,197,3951,4090,4090
2049,187,228,1122,644,533,529,247,466,374,78,25,60,68,44,53,39,343,182,454,163,174,204,3950,4090,4090
2063,186,228,1131,645,535,535,246,462,373,80,24,59,69,44,54,40,343,178,455,162,172,203,3948,4090,4090
2076,187,228,1134,638,541,525,249,466,374,79,24,58,68,44,54,40,348,184,451,161,172,200,3948,4090,4090
2090,186,227,1142,647,536,528,250,462,377,80,24,60,70,44,54,39,348,178,455,168,168,202,3954,4090,4090
