
DMR Smart Settling


Timestamp, LDR1, LDR2, LDR3, LDR4, LDR5, LDR6, LDR7, LDR8, LDR9, LDR10, LDR11, LDR12, LDR13, LDR14, LDR15, LDR16, LDR17, LDR18, LDR19, LDR20, LDR21, LDR22, LDR23, LDR24, LDR25

0,1185,4032,4090,4091,4092,4092,4092,4087,4081,4081,4081,4081,4082,4083,4083,4081,4092,4093,4093,4093,4093,4093,4093,4093,4093
13,295,4013,4087,4092,4092,4092,4092,4089,4086,4086,4086,4086,4086,4086,4086,4085,4092,4093,4093,4093,4093,4093,4093,4093,4092
27,305,3988,4082,4091,4092,4092,4092,4090,4087,4087,4086,4086,4087,4087,4087,4086,4092,4093,4093,4093,4093,4093,4093,4093,4093
41,320,3873,4069,4090,4092,4092,4092,4090,4088,4087,4087,4087,4087,4087,4087,4086,4092,4093,4093,4093,4093,4093,4093,4093,4093
55,339,972,4007,4086,4092,4092,4092,4090,4087,4087,4086,4086,4086,4087,4087,4086,4092,4093,4092,4093,4093,4093,4093,4093,4092
69,341,827,3889,4067,4090,4092,4092,4090,4087,4086,4086,4086,4086,4086,4086,4085,4092,4093,4093,4093,4093,4093,4093,4093,4093
83,345,819,480,3972,4077,4091,4092,4090,4086,4086,4085,4085,4086,4086,4086,4085,4092,4093,4092,4093,4093,4093,4093,4093,4093
96,348,806,461,1644,3995,4084,4091,4090,4086,4085,4084,4084,4085,4085,4085,4084,4092,4093,4092,4093,4093,4093,4093,4093,4093
110,352,820,430,548,3749,4048,4087,4089,4085,4084,4083,4083,4084,4084,4084,4083,4092,4093,4093,4093,4093,4093,4093,4093,4093
124,358,871,461,522,711,3865,4062,4086,4084,4083,4082,4083,4083,4083,4083,4082,4092,4093,4093,4093,4093,4093,4093,4093,4093
138,359,872,474,516,657,522,3915,4071,4078,4077,4077,4077,4077,4077,4077,4076,4092,4093,4093,4093,4093,4093,4093,4093,4093
152,362,931,452,544,530,585,321,3969,4061,4059,4057,4056,4055,4053,4051,4048,4092,4093,4092,4092,4093,4093,4093,4093,4093
166,363,915,459,561,496,508,244,2619,3975,3986,3982,3977,3972,3966,3959,3953,4091,4093,4093,4093,4093,4093,4093,4093,4093
179,362,944,501,578,493,654,226,499,3693,3742,3744,3738,3731,3724,3719,3712,4088,4092,4093,4093,4092,4093,4093,4093,4093
193,363,956,520,577,608,447,244,545,558,3229,3553,3574,3568,3569,3587,3586,4086,4093,4093,4093,4093,4093,4093,4093,4093
207,364,882,484,524,536,571,230,433,707,306,3223,3449,3462,3465,3467,3469,4085,4092,4093,4093,4093,4093,4093,4093,4093
221,365,991,473,589,525,538,227,436,494,293,3132,3402,3426,3430,3429,3423,4084,4093,4093,4093,4093,4093,4093,4093,4093
235,366,936,496,576,520,534,229,468,492,207,209,3104,3289,3304,3310,3310,4083,4093,4093,4093,4092,4093,4093,4093,4093
249,364,1065,502,585,564,515,235,474,525,163,49,3008,3240,3257,3262,3258,4082,4093,4093,4093,4093,4093,4093,4093,4092
263,368,1024,496,594,484,550,243,489,531,198,37,2603,3133,3185,3189,3188,4081,4093,4093,4093,4093,4093,4093,4093,4093
276,369,984,509,621,554,555,231,532,583,169,44,193,2956,3144,3155,3158,4081,4093,4093,4093,4093,4093,4093,4093,4093
290,370,1026,517,614,521,550,234,535,611,169,40,179,2887,3117,3130,3133,4080,4093,4093,4093,4093,4093,4093,4093,4093
304,371,1069,493,549,550,503,234,524,584,189,40,144,2599,3033,3068,3069,4079,4093,4093,4093,4093,4093,4093,4093,4093
318,371,1064,517,559,568,552,233,499,576,223,39,124,163,2861,3020,3026,4079,4092,4093,4093,4093,4093,4093,4093,4093
332,372,1093,523,664,574,523,233,514,624,232,38,120,266,2855,3013,3019,4079,4093,4093,4093,4093,4093,4093,4093,4093
346,374,1118,558,657,591,531,235,499,567,220,38,134,238,2825,3005,3013,4079,4093,4093,4093,4093,4093,4093,4093,4093
359,375,877,558,690,585,551,238,491,547,175,41,144,234,2928,3168,3180,4081,4093,4093,4093,4093,4093,4093,4093,4093
373,377,1155,560,649,613,571,234,484,540,209,37,139,188,2290,2891,2943,4078,4093,4093,4093,4093,4093,4093,4093,4093
387,376,1163,568,726,625,572,236,488,550,178,36,149,204,115,3005,3050,4079,4093,4093,4093,4093,4093,4093,4093,4093
401,377,1178,580,694,628,597,240,485,530,179,38,149,174,92,2816,2938,4078,4092,4093,4093,4093,4093,4093,4093,4092
415,377,1193,578,730,644,595,234,537,546,177,36,141,173,82,2800,2925,4077,4093,4093,4093,4093,4093,4093,4093,4093
429,376,1173,600,735,671,611,240,486,535,187,37,154,177,78,2787,2928,4077,4093,4093,4093,4092,4093,4093,4093,4093
442,376,1215,602,749,670,614,241,492,541,196,37,159,201,79,2737,2903,4077,4093,4093,4093,4093,4093,4093,4093,4093
456,377,1225,613,753,699,644,243,481,549,186,36,138,212,78,2608,2878,4077,4093,4093,4093,4093,4093,4093,4093,4093
470,375,1219,610,777,700,652,245,484,543,203,36,133,216,85,1834,2805,4076,4092,4093,4093,4093,4093,4093,4093,4093
484,377,1265,622,787,708,649,249,492,531,188,36,136,211,103,129,2744,4076,4093,4093,4093,4092,4093,4093,4093,4093
498,377,1252,625,813,720,659,243,514,532,191,37,138,184,80,114,2801,4077,4093,4093,4093,4093,4093,4093,4093,4093
512,377,1271,636,796,709,629,255,524,509,187,36,147,189,75,111,2797,4077,4093,4093,4093,4092,4093,4093,4093,4093
525,378,1283,652,789,752,700,255,539,550,160,36,143,191,76,107,2731,4076,4093,4093,4093,4093,4093,4093,4093,4093
539,379,1283,650,804,742,689,257,549,551,180,36,148,193,77,105,2788,4077,4093,4093,4093,4093,4093,4093,4093,4093
553,378,1276,648,829,735,694,257,552,572,186,38,146,201,80,112,2973,4079,4093,4093,4093,4093,4093,4093,4093,4093
567,379,1284,657,805,741,677,256,580,595,190,38,146,205,77,117,2851,4078,4093,4092,4093,4093,4093,4093,4093,4093
581,379,1327,660,806,769,686,261,565,601,189,39,147,209,81,113,2907,4078,4093,4092,4093,4093,4093,4093,4093,4093
595,380,1346,668,842,767,702,262,584,594,191,37,132,185,76,105,2642,4074,4093,4093,4093,4093,4093,4093,4093,4093
609,381,1332,674,848,766,707,259,588,623,202,37,139,192,74,104,2341,4069,4093,4093,4093,4093,4093,4093,4093,4092
622,380,1345,673,853,786,730,260,603,612,203,38,134,180,77,101,1785,4060,4092,4092,4093,4093,4093,4093,4093,4093
636,381,1353,663,838,763,740,256,585,625,205,37,133,186,79,105,149,4040,4093,4093,4093,4093,4093,4093,4093,4093
650,381,1371,664,811,766,732,266,570,629,212,38,131,190,77,104,70,4038,4092,4093,4093,4093,4093,4093,4093,4093
664,380,1372,666,818,737,737,269,592,618,204,35,124,184,74,101,74,4037,4092,4092,4093,4093,4093,4093,4093,4093
678,380,1369,687,821,751,720,264,613,623,207,36,129,177,75,105,78,4036,4092,4092,4093,4093,4093,4093,4093,4092
692,380,1377,696,759,732,720,264,618,639,211,35,125,169,74,101,74,4034,4092,4093,4093,4093,4093,4093,4093,4093
705,380,1375,653,742,725,711,257,615,624,213,35,127,166,74,105,73,4030,4092,4092,4093,4092,4093,4093,4093,4093
719,379,1389,648,763,701,679,259,608,656,212,35,129,167,75,103,71,4025,4092,4093,4093,4093,4093,4093,4093,4093
733,379,1401,653,826,693,645,252,558,616,207,35,133,161,75,105,72,4018,4092,4093,4093,4093,4093,4093,4093,4093
747,379,1408,660,843,693,684,256,556,641,217,35,135,167,74,103,72,4006,4092,4093,4093,4092,4093,4093,4093,4093
761,379,1430,683,796,690,660,256,547,603,211,35,138,169,74,104,73,3987,4092,4092,4093,4092,4093,4093,4093,4093
775,379,1437,710,752,708,667,254,566,573,212,35,137,164,74,103,72,3959,4092,4093,4092,4093,4093,4093,4093,4093
788,379,1445,712,809,717,655,254,571,591,214,36,137,167,74,105,73,3923,4091,4093,4093,4093,4093,4093,4093,4093
802,380,1424,724,811,694,677,254,552,577,217,35,138,170,74,105,72,3885,4091,4092,4093,4093,4093,4092,4093,4092
816,380,1431,715,776,709,648,254,530,589,207,35,146,168,75,100,72,3842,4090,4092,4092,4092,4092,4093,4093,4092
830,380,1456,724,751,690,669,258,528,567,196,35,142,172,75,99,72,3720,4087,4092,4092,4092,4093,4092,4093,4092
844,380,1470,735,760,704,658,255,546,546,195,35,139,179,74,100,73,2191,4069,4092,4092,4092,4092,4092,4093,4092
858,380,1485,736,803,685,641,257,551,569,191,35,143,172,75,101,73,1038,4057,4092,4092,4092,4092,4092,4093,4092
871,380,1494,740,799,689,650,250,539,587,193,35,144,180,75,99,73,820,4054,4092,4092,4092,4092,4092,4093,4092
885,379,1489,738,847,678,658,253,559,566,189,35,150,179,76,101,73,863,4054,4092,4092,4092,4092,4092,4093,4092
899,378,1492,740,837,688,650,253,559,591,185,37,143,176,74,99,72,849,4054,4092,4092,4092,4092,4092,4093,4092
913,377,1489,749,839,682,653,253,560,587,186,35,133,189,74,97,72,808,4052,4092,4093,4092,4092,4092,4093,4092
927,377,1488,741,864,677,658,249,537,577,184,35,134,183,76,96,71,720,4050,4092,4092,4092,4093,4092,4092,4092
941,377,1487,771,834,681,657,250,552,572,193,35,139,181,73,97,71,643,4047,4092,4092,4092,4092,4092,4093,4092
955,378,1494,756,847,703,659,251,548,595,189,35,137,184,74,97,71,648,4045,4092,4093,4092,4092,4093,4093,4092
968,378,1505,755,852,710,646,252,536,602,195,35,142,183,74,98,72,612,4043,4092,4092,4092,4092,4093,4093,4092
982,377,1517,755,892,700,657,254,526,583,193,36,133,181,74,99,72,575,4039,4092,4092,4092,4092,4092,4092,4092
996,377,1520,759,897,695,645,251,536,575,191,35,134,187,74,99,72,572,4036,4092,4092,4092,4092,4092,4093,4092
1010,378,1517,775,925,704,666,253,513,555,194,35,136,183,75,101,70,520,4030,4092,4093,4092,4092,4092,4092,4092
1024,379,1519,773,949,749,672,254,525,564,197,35,132,172,74,100,71,508,4024,4092,4092,4092,4092,4093,4093,4092
1038,376,1530,786,957,770,667,251,540,580,194,35,130,170,76,100,71,492,4015,4092,4092,4092,4092,4092,4093,4092
1051,376,1528,778,947,787,680,255,541,567,199,36,126,178,75,101,71,503,4005,4092,4092,4092,4093,4092,4093,4092
1065,377,1525,811,928,771,666,250,534,562,192,35,128,174,75,100,71,483,3990,4092,4092,4092,4092,4092,4093,4092
1079,377,1530,801,894,744,706,254,533,583,192,35,132,173,75,98,71,467,3974,4092,4092,4092,4092,4092,4093,4092
1093,376,1544,807,883,741,736,257,543,577,192,36,136,173,75,101,72,473,3952,4091,4092,4092,4092,4093,4093,4092
1107,376,1557,818,910,747,752,261,528,583,192,35,132,167,76,101,72,460,3927,4091,4092,4092,4092,4092,4093,4092
1121,376,1569,818,932,774,736,261,542,585,186,36,133,175,76,101,72,474,3898,4091,4092,4092,4092,4093,4093,4092
1134,375,1576,818,937,768,773,265,557,582,187,36,136,172,75,101,72,461,3867,4090,4092,4092,4093,4092,4093,4092
1148,376,1577,818,945,792,729,266,565,569,187,36,135,176,75,100,73,469,3836,4090,4092,4092,4092,4092,4093,4092
1162,376,1584,827,979,836,733,266,590,585,192,36,132,176,75,101,71,451,3803,4090,4092,4092,4092,4092,4093,4092
1176,376,1599,828,992,858,781,266,598,599,194,36,123,165,77,102,72,448,3746,4089,4092,4092,4093,4092,4093,4092
1190,376,1598,842,1025,872,756,260,570,604,197,36,127,171,75,101,72,443,2464,4073,4092,4092,4092,4092,4093,4092
1204,376,1599,818,1030,873,777,261,554,629,197,36,127,163,74,101,72,433,588,4054,4092,4092,4092,4092,4093,4092
1217,377,1606,814,1012,906,785,266,576,607,199,36,122,172,76,101,72,428,229,4049,4092,4092,4092,4092,4093,4092
1231,377,1611,834,1008,872,824,267,595,607,192,36,126,171,76,101,73,424,146,4047,4092,4092,4093,4092,4092,4092
1245,377,1608,842,1008,877,813,266,584,607,199,35,128,161,75,99,73,438,129,4047,4092,4092,4092,4092,4093,4092
1259,377,1609,839,1040,869,893,262,576,632,205,35,127,168,75,99,74,448,130,4047,4092,4092,4092,4093,4093,4092
1273,377,1627,846,1038,863,848,266,576,636,199,35,130,165,78,99,72,435,129,4046,4092,4092,4092,4092,4093,4092
1287,377,1620,853,1047,883,867,273,574,635,203,36,130,163,76,100,72,431,128,4046,4092,4092,4092,4092,4092,4092
1301,377,1601,848,1049,870,837,277,594,640,210,35,133,167,79,99,73,439,130,4046,4092,4092,4092,4092,4093,4092
1314,378,1610,863,1043,856,821,281,622,626,210,35,133,166,74,98,72,428,130,4046,4092,4092,4092,4092,4093,4092
1328,378,1602,878,1048,894,790,279,606,639,219,36,133,167,78,99,72,450,131,4045,4092,4092,4092,4092,4093,4092
1342,378,1614,879,1070,898,805,269,630,614,221,35,134,166,76,99,72,440,132,4045,4092,4092,4093,4092,4092,4092
1356,377,1631,855,1063,850,814,277,629,642,223,36,134,173,74,99,72,431,133,4045,4092,4092,4092,4092,4093,4092
1370,376,1653,860,1064,860,807,265,641,662,216,35,137,175,73,99,74,453,133,4044,4092,4092,4092,4092,4093,4092
1384,376,1651,872,1040,837,820,264,650,686,223,35,136,175,75,100,72,433,133,4043,4092,4092,4092,4092,4092,4092
1397,375,1648,881,1035,810,819,260,632,707,214,35,134,168,74,99,72,434,136,4043,4092,4092,4093,4092,4093,4092
1411,375,1665,893,1033,851,819,265,636,666,219,35,133,177,75,99,72,430,134,4042,4092,4092,4092,4092,4092,4092
1425,375,1685,896,1017,837,828,267,610,657,216,35,133,181,74,98,73,419,135,4040,4092,4092,4092,4092,4093,4092
1439,375,1699,884,1041,832,823,272,607,655,218,35,138,181,73,97,72,432,135,4039,4092,4092,4093,4093,4092,4092
1453,375,1701,887,1051,869,808,276,615,663,222,35,136,180,76,98,72,448,137,4037,4092,4092,4092,4092,4093,4092
1467,375,1716,906,1043,861,801,271,631,651,226,35,147,183,76,100,72,456,137,4036,4092,4092,4092,4092,4093,4092
1480,375,1730,908,1034,877,823,276,612,652,226,35,142,178,76,101,73,448,137,4033,4092,4092,4092,4092,4093,4092
1494,375,1738,909,1057,891,839,279,604,661,229,35,145,178,76,100,74,435,135,4030,4092,4092,4092,4092,4093,4092
1508,375,1729,907,1039,879,839,279,632,670,228,35,150,186,74,99,72,438,136,4026,4092,4092,4092,4092,4093,4092
1522,376,1746,917,1060,854,851,278,613,648,221,35,150,186,78,100,72,435,136,4021,4092,4092,4092,4092,4093,4092
1536,376,1735,905,1042,848,860,276,634,656,215,35,146,191,76,100,72,413,135,4016,4092,4092,4092,4093,4093,4092
1550,375,1748,907,1062,844,809,277,645,657,212,35,147,188,77,100,73,433,136,4011,4092,4092,4092,4093,4093,4093
1563,376,1771,917,1069,861,846,280,641,672,240,37,153,202,76,101,72,420,136,4004,4092,4092,4093,4092,4093,4092
1577,375,1776,925,1086,853,836,281,651,681,218,35,147,190,77,101,73,420,136,3997,4092,4092,4092,4092,4092,4092
1591,375,1775,918,1087,868,829,285,648,682,218,35,143,198,76,100,73,421,137,3989,4092,4092,4092,4092,4093,4092
1605,374,1788,928,1106,880,838,277,632,658,221,35,145,196,76,100,73,429,137,3981,4092,4092,4092,4092,4093,4092
1619,375,1783,928,1109,888,858,283,631,659,224,35,147,194,77,101,73,426,137,3972,4092,4092,4093,4092,4092,4092
1633,375,1767,940,1120,925,827,283,629,673,219,36,147,189,76,101,73,419,137,3962,4092,4092,4092,4092,4092,4092
1647,374,1766,940,1113,948,803,279,668,662,221,36,147,197,77,101,72,431,136,3952,4092,4092,4092,4092,4093,4092
1660,374,1792,943,1131,966,835,280,648,663,228,36,148,193,77,101,73,433,138,3943,4091,4092,4092,4093,4092,4092
1674,374,1792,958,1128,965,850,281,667,686,228,35,151,192,77,101,73,413,137,3934,4091,4092,4092,4092,4093,4092
1688,374,1797,962,1131,971,861,277,647,715,237,35,149,194,77,103,74,430,138,3924,4091,4092,4092,4092,4093,4093
1702,374,1799,965,1132,978,882,275,643,707,234,35,152,187,78,102,73,424,139,3914,4091,4092,4092,4092,4093,4092
1716,375,1796,958,1159,991,859,274,646,694,236,36,155,195,76,104,74,419,137,3904,4091,4092,4092,4092,4093,4092
1730,374,1803,959,1140,970,871,277,666,696,240,36,151,199,78,103,73,431,139,3886,4091,4092,4092,4092,4092,4092
1743,375,1799,966,1160,1016,887,276,673,724,232,36,151,199,77,103,74,434,138,3811,4090,4092,4092,4092,4093,4092
1757,375,1811,973,1178,998,866,274,646,709,237,36,149,199,79,103,74,429,136,3388,4084,4092,4092,4093,4093,4092
1771,375,1782,980,1176,972,925,277,621,711,247,36,152,201,77,103,73,438,138,2191,4071,4092,4092,4092,4093,4092
1785,375,1829,985,1165,996,902,282,638,701,250,36,153,199,78,105,75,430,137,1129,4060,4092,4092,4092,4093,4092
1799,375,1826,974,1181,988,921,281,624,695,252,36,156,202,77,105,74,441,138,829,4057,4092,4092,4093,4093,4092
1813,375,1834,994,1216,1018,924,283,650,689,247,36,155,195,78,105,75,425,137,711,4056,4092,4093,4092,4093,4092
1826,375,1854,977,1224,1028,930,283,640,674,248,36,159,191,79,105,74,439,139,666,4055,4092,4093,4092,4093,4092
1840,375,1850,984,1229,980,921,283,648,686,261,36,156,194,78,106,75,445,139,610,4054,4092,4093,4092,4093,4093
1854,375,1857,976,1225,1014,914,281,647,687,251,36,154,198,77,106,74,447,141,571,4054,4092,4092,4093,4093,4092
1868,375,1853,974,1231,1008,904,283,645,687,248,36,153,194,77,107,75,445,138,575,4054,4092,4092,4092,4092,4092
1882,376,1862,975,1251,980,897,285,657,697,241,36,157,213,78,106,75,441,138,605,4055,4092,4092,4092,4093,4092
1896,376,1866,972,1241,962,909,289,666,718,241,36,157,209,78,107,75,464,138,634,4055,4092,4092,4092,4093,4092
1909,376,1870,971,1242,976,916,285,676,729,229,36,155,211,79,106,74,445,140,668,4055,4092,4092,4093,4093,4092
1923,376,1865,981,1253,964,920,284,669,720,244,36,156,209,79,108,76,468,138,659,4055,4092,4092,4093,4093,4092
0,239,234,3934,4059,4086,4090,4091,4086,4073,4072,4071,4071,4072,4073,4073,4070,4092,4092,4092,4093,4092,4092,4092,4093,4092
13,216,230,3909,4048,4083,4090,4091,4088,4075,4074,4073,4072,4073,4074,4074,4071,4092,4092,4092,4093,4092,4092,4092,4093,4092
27,200,224,2293,3995,4076,4088,4090,4087,4074,4073,4072,4072,4072,4073,4073,4071,4092,4092,4093,4093,4093,4092,4092,4093,4092
41,195,220,880,3909,4045,4082,4089,4087,4073,4071,4070,4070,4070,4071,4071,4068,4092,4092,4092,4093,4092,4093,4093,4093,4092
55,194,218,866,2594,3921,4059,4082,4085,4069,4067,4065,4065,4066,4067,4067,4064,4092,4092,4093,4093,4092,4093,4093,4093,4092
69,195,218,715,730,2124,3955,4051,4079,4060,4056,4055,4056,4056,4058,4058,4055,4092,4092,4092,4093,4093,4093,4093,4093,4093
83,195,219,606,601,574,2198,3907,4049,4041,4036,4036,4037,4036,4036,4035,4031,4092,4092,4093,4093,4093,4093,4093,4093,4093
96,193,220,577,625,617,515,914,3904,3950,3953,3954,3957,3955,3954,3950,3944,4091,4092,4092,4093,4093,4093,4093,4093,4092
110,197,221,510,621,546,652,450,1328,3465,3680,3740,3760,3757,3752,3745,3736,4088,4093,4092,4093,4093,4093,4093,4093,4093
124,205,223,548,531,526,537,272,794,1035,2420,3363,3512,3539,3550,3551,3548,4086,4092,4092,4093,4093,4093,4093,4093,4092
138,212,225,624,521,487,518,273,489,681,319,1455,3180,3340,3376,3385,3386,4084,4093,4093,4093,4092,4093,4093,4093,4092
152,219,226,836,567,531,482,281,548,479,214,67,857,2984,3215,3236,3237,4082,4092,4093,4093,4093,4093,4093,4093,4092
166,225,226,697,536,505,506,363,464,497,234,58,160,1672,2977,3117,3126,4080,4092,4092,4093,4093,4093,4093,4093,4093
179,229,226,723,578,483,476,281,609,474,175,70,141,142,2203,2979,3057,4079,4093,4093,4093,4093,4093,4093,4093,4093
193,232,225,1037,552,491,582,276,445,497,197,44,139,166,125,2808,3011,4078,4093,4093,4093,4093,4092,4093,4093,4093
207,235,225,702,534,508,527,291,501,476,162,53,129,182,106,213,2857,4077,4093,4093,4093,4092,4093,4093,4093,4093
221,238,224,638,546,495,471,227,445,537,159,49,114,160,87,135,2754,4075,4092,4093,4093,4093,4093,4092,4093,4093
235,240,223,549,587,489,476,284,429,475,162,48,113,181,94,130,2387,4066,4092,4092,4093,4092,4093,4093,4093,4093
249,241,223,637,567,506,483,262,438,476,154,47,117,148,87,101,76,4029,4092,4093,4093,4093,4093,4093,4093,4093
262,242,223,965,584,510,506,241,432,511,171,45,131,131,97,113,77,4012,4092,4093,4093,4093,4093,4093,4093,4093
276,244,222,667,587,638,486,234,457,480,161,45,122,136,104,106,79,3970,4092,4093,4093,4093,4093,4093,4093,4092
290,246,222,621,617,519,495,233,472,468,163,46,127,134,92,113,80,3894,4089,4092,4092,4092,4093,4093,4093,4092
304,248,222,628,607,530,504,235,450,478,153,42,117,179,86,136,85,748,4051,4092,4092,4092,4092,4092,4093,4092
318,249,222,538,621,525,506,250,431,466,151,42,117,142,137,106,78,396,4043,4092,4092,4092,4093,4092,4093,4092
332,250,223,652,621,541,511,241,437,507,144,42,122,142,129,102,85,426,4035,4092,4092,4092,4093,4093,4093,4092
346,250,223,636,627,530,506,230,448,466,155,39,111,158,91,114,79,406,4019,4092,4092,4092,4092,4092,4093,4092
359,251,222,601,626,580,519,239,450,469,154,40,118,145,88,103,83,397,3994,4092,4092,4092,4093,4093,4093,4092
373,251,222,586,639,592,543,252,528,471,149,49,116,143,86,113,79,394,3955,4092,4092,4092,4092,4092,4092,4092
387,252,222,555,636,591,628,234,450,526,158,40,118,137,97,104,78,366,3897,4091,4093,4092,4093,4092,4093,4092
401,253,222,498,635,592,641,237,445,473,162,51,116,135,89,111,76,352,3795,4089,4093,4092,4092,4092,4093,4092
415,253,221,496,636,591,551,261,454,485,158,44,118,135,91,101,84,340,563,4053,4092,4092,4093,4092,4093,4092
429,253,221,513,764,613,574,236,440,493,162,43,120,134,89,101,81,366,165,4046,4092,4092,4093,4093,4093,4092
442,254,221,526,684,628,590,242,460,481,147,44,115,137,91,98,81,352,140,4045,4092,4092,4092,4092,4093,4092
456,255,220,569,684,621,561,240,457,487,155,42,112,144,87,103,79,366,179,4044,4092,4092,4092,4092,4093,4092
470,255,220,596,684,609,603,242,458,489,155,42,113,155,88,99,77,352,160,4040,4092,4092,4092,4092,4093,4092
484,256,221,547,699,634,593,241,450,492,155,42,110,154,92,100,75,362,162,4037,4092,4093,4092,4092,4093,4092
498,256,221,508,690,638,600,241,474,500,158,41,113,139,97,100,77,348,164,4031,4092,4092,4093,4093,4093,4093
512,256,221,493,693,645,608,243,484,505,155,41,111,139,92,110,79,354,161,4022,4092,4092,4092,4093,4093,4092
525,256,221,499,722,669,589,246,467,520,162,42,112,139,84,100,78,353,160,4009,4092,4092,4092,4092,4093,4092
539,256,221,507,723,671,628,245,494,514,168,41,117,145,125,115,80,356,163,3991,4092,4092,4092,4092,4093,4092
553,255,220,538,715,657,638,249,518,522,167,41,116,143,86,101,81,343,183,3970,4092,4092,4092,4092,4093,4092
567,255,219,571,725,666,646,250,506,536,171,45,118,138,91,104,79,345,167,3948,4092,4092,4092,4093,4093,4092
581,254,219,609,729,686,664,250,514,557,172,42,113,141,85,100,82,355,170,3917,4091,4092,4092,4092,4093,4092
595,254,219,629,730,678,656,251,512,547,173,47,116,141,83,100,79,359,161,3737,4089,4092,4092,4093,4092,4092
608,254,219,633,741,684,672,253,514,551,178,40,123,143,82,100,80,353,191,1654,4065,4092,4092,4092,4093,4092
622,253,219,637,757,706,640,254,517,544,181,40,118,142,84,101,77,352,162,573,4054,4092,4093,4092,4093,4092
636,253,219,613,754,708,701,251,526,567,181,40,118,143,87,100,78,376,156,453,4052,4092,4092,4092,4093,4092
650,252,219,586,749,702,695,252,538,562,184,39,123,145,85,101,78,344,148,480,4052,4092,4092,4093,4093,4092
664,252,219,564,745,735,703,256,541,574,179,39,118,145,83,104,80,349,151,485,4051,4092,4092,4092,4093,4092
678,252,219,557,752,730,699,253,550,588,180,38,122,144,84,101,78,352,158,463,4050,4092,4092,4092,4093,4092
692,251,219,547,760,731,726,257,531,587,185,38,122,149,85,99,79,357,158,457,4049,4092,4092,4092,4093,4092
705,251,219,547,773,732,742,254,514,600,187,40,124,153,89,102,77,407,161,452,4047,4092,4092,4092,4093,4092
719,251,219,552,770,746,731,256,561,585,181,38,127,156,86,102,78,365,155,444,4045,4092,4092,4093,4093,4092
733,250,219,544,767,764,742,256,576,603,189,39,120,154,85,101,83,348,147,437,4043,4092,4092,4092,4093,4092
747,250,219,538,775,771,742,258,579,605,189,38,126,153,84,104,78,351,149,443,4039,4092,4092,4093,4093,4092
761,249,219,535,782,761,742,256,576,596,194,39,130,160,85,101,77,352,169,441,4035,4092,4092,4092,4093,4092
775,249,218,537,793,769,742,264,593,606,187,39,133,164,84,101,77,362,150,464,4031,4092,4093,4092,4092,4092
788,249,219,542,786,771,756,260,582,589,193,38,129,162,88,101,83,350,155,452,4024,4092,4092,4092,4093,4092
802,249,219,549,788,747,741,255,581,598,198,38,128,162,87,101,77,354,153,465,4017,4092,4092,4092,4093,4092
816,249,219,556,786,740,751,252,592,624,188,38,129,162,84,102,78,361,149,453,4006,4092,4093,4092,4093,4092
830,248,218,562,791,725,726,256,605,611,196,38,129,170,85,100,77,360,147,448,3992,4092,4092,4092,4093,4093
844,248,218,557,793,739,768,262,604,625,202,38,128,173,84,100,78,354,155,466,3977,4092,4092,4092,4092,4092
858,248,218,557,790,728,757,262,601,611,200,38,134,167,83,101,76,354,169,481,3963,4092,4092,4092,4092,4092
871,248,218,559,793,733,732,266,603,614,202,38,135,167,84,103,77,372,162,484,3946,4091,4092,4092,4093,4093
885,248,218,565,806,724,714,264,592,617,198,38,131,174,85,102,77,368,155,482,3929,4091,4092,4093,4093,4092
899,248,218,560,811,719,688,263,607,619,199,37,133,176,85,103,78,365,155,471,3913,4091,4092,4093,4093,4092
913,248,218,560,814,737,675,261,598,611,206,38,137,173,84,101,77,378,155,478,3893,4091,4092,4092,4093,4092
927,247,218,555,804,715,665,262,591,633,206,38,136,181,84,102,78,373,155,459,3657,4088,4092,4093,4093,4092
941,247,218,557,811,722,679,250,565,633,203,38,136,180,85,103,80,382,150,460,2225,4071,4092,4092,4093,4092
955,247,218,556,815,739,682,247,561,619,207,38,134,176,84,102,77,378,152,454,872,4058,4093,4093,4093,4092
968,247,218,555,829,719,725,248,550,607,207,38,135,179,84,101,76,363,151,463,362,4052,4092,4092,4093,4092
982,247,219,560,829,717,680,263,535,607,206,38,133,173,84,102,77,349,152,469,186,4049,4092,4092,4093,4092
996,247,218,569,834,730,667,246,524,596,199,37,136,176,83,105,76,375,154,462,140,4048,4092,4092,4093,4092
1010,247,218,570,840,733,678,246,523,571,199,37,139,174,83,103,76,390,148,451,127,4048,4092,4092,4093,4092
1024,247,218,582,856,734,658,244,517,556,202,38,136,181,85,104,79,380,152,463,121,4047,4092,4092,4093,4092
1038,247,218,598,861,741,628,244,510,558,198,37,141,172,84,105,79,387,151,466,118,4047,4092,4092,4092,4092
1051,246,218,603,850,738,634,249,512,566,200,37,141,171,83,103,78,391,150,464,118,4047,4092,4093,4093,4092
1065,246,218,613,851,737,623,246,489,543,199,38,138,184,84,103,76,384,152,459,118,4046,4092,4093,4093,4092
1079,246,218,621,854,749,609,241,488,554,187,38,137,186,83,103,74,382,159,458,121,4046,4092,4092,4092,4092
1093,246,218,624,845,722,611,236,491,549,191,38,136,184,82,104,77,375,153,453,121,4046,4092,4092,4093,4092
1107,246,219,642,859,728,608,240,490,550,188,38,141,177,83,103,78,382,149,464,124,4045,4092,4092,4093,4093
1121,246,219,645,873,703,614,246,490,541,181,37,140,183,85,103,78,396,151,456,123,4044,4092,4092,4093,4092
1134,245,219,652,870,707,622,240,488,544,182,37,138,186,83,104,78,397,152,458,123,4044,4092,4092,4093,4092
1148,245,219,654,875,718,628,241,484,531,176,39,134,187,84,104,78,392,150,460,127,4043,4092,4093,4093,4092
1162,245,219,670,867,710,622,244,493,524,179,38,138,186,87,104,78,386,149,462,126,4042,4092,4092,4093,4092
1176,245,219,670,889,731,618,243,486,531,176,39,134,186,83,103,78,395,152,465,130,4042,4092,4092,4093,4092
1190,245,219,665,890,738,622,244,488,524,175,38,134,185,86,103,76,397,153,473,130,4041,4092,4092,4092,4092
1204,245,219,660,884,746,621,244,480,521,176,38,131,192,83,105,77,392,152,459,136,4039,4092,4092,4093,4092
1217,245,219,662,893,745,620,243,480,520,179,39,129,179,88,104,77,396,148,461,134,4038,4092,4092,4092,4092
1231,244,219,664,904,763,617,243,485,518,176,39,125,177,90,110,82,380,149,472,134,4037,4092,4092,4092,4092
1245,244,219,659,929,768,622,238,473,534,192,42,135,192,90,114,85,392,150,459,131,4035,4092,4092,4093,4093
1259,244,220,664,940,772,620,239,482,536,179,41,138,190,88,114,82,400,149,463,132,4034,4092,4093,4093,4092
1273,244,220,658,932,762,619,240,485,527,187,42,132,181,88,105,79,410,146,466,135,4031,4092,4093,4093,4092
1287,244,220,663,937,760,613,236,480,555,184,42,133,180,89,114,83,409,149,474,130,4029,4092,4093,4093,4093
1301,244,220,669,930,766,620,242,491,541,184,42,131,170,90,112,85,410,149,468,135,4026,4092,4093,4093,4092
1314,244,220,672,925,763,601,242,487,541,180,42,132,174,90,113,83,399,148,471,134,4024,4092,4093,4093,4093
1328,243,220,660,935,749,611,239,487,536,183,43,132,173,92,114,84,408,148,471,136,4021,4092,4093,4093,4092
1342,243,220,668,933,748,617,241,492,541,182,42,130,171,94,112,84,401,148,475,137,4017,4092,4093,4093,4093
1356,243,220,663,934,740,621,240,482,536,183,42,129,164,91,114,84,393,150,477,133,4014,4092,4093,4093,4093
1370,243,220,658,944,751,620,241,481,537,186,42,133,174,90,112,83,418,147,471,136,4009,4092,4093,4093,4093
1384,243,220,649,954,746,622,238,479,553,187,44,132,172,90,111,84,419,150,475,135,4005,4092,4093,4093,4092
1397,242,220,646,966,740,626,241,470,535,181,43,134,172,89,111,85,417,149,446,134,3999,4092,4093,4093,4092
1411,242,220,644,962,754,618,242,482,545,188,43,131,172,92,110,85,420,148,466,131,3994,4092,4093,4093,4093
1425,242,220,644,976,749,608,243,481,547,184,43,133,175,93,112,85,415,152,481,132,3986,4092,4093,4093,4093
1439,242,220,637,982,751,617,242,478,563,181,43,130,168,89,111,84,422,148,477,129,3980,4092,4093,4093,4092
1453,242,220,638,988,755,609,242,493,582,182,43,130,167,90,110,84,422,147,471,131,3973,4092,4093,4093,4093
1467,242,220,636,979,770,612,242,503,575,181,45,130,167,90,111,84,421,150,466,130,3965,4092,4093,4093,4093
1480,241,220,637,980,772,628,242,486,569,187,43,132,173,90,112,84,418,145,484,129,3957,4092,4093,4093,4093
1494,241,220,638,983,769,616,244,495,567,187,42,130,171,89,110,85,408,149,488,130,3951,4092,4092,4093,4092
1508,241,220,642,985,772,602,243,510,551,189,43,132,169,91,111,84,414,147,493,132,3944,4092,4093,4093,4092
1522,241,220,642,985,793,620,244,509,561,188,44,134,171,90,110,84,416,149,487,132,3935,4092,4093,4093,4093
1536,241,220,644,987,790,633,243,500,560,177,41,124,164,91,109,84,405,146,495,129,3939,4092,4093,4093,4092
1550,241,220,645,996,775,622,240,492,562,185,43,127,171,91,109,81,410,146,474,132,3934,4092,4093,4093,4093
1563,241,220,655,1004,777,635,238,493,565,185,43,131,170,90,108,84,406,147,493,130,3932,4092,4093,4093,4093
1577,241,221,654,1000,778,625,241,486,562,182,43,128,168,87,106,82,406,145,496,128,3913,4091,4093,4093,4093
1591,240,221,645,999,780,611,238,487,536,181,41,126,169,87,107,80,406,146,497,130,3914,4091,4092,4093,4092
1605,240,221,643,989,787,617,239,486,546,170,40,121,164,86,102,78,401,147,495,129,3886,4091,4093,4093,4092
1619,240,221,640,1002,798,617,240,474,532,174,39,124,163,85,105,78,406,148,500,130,3873,4091,4092,4092,4092
1633,240,221,632,989,801,621,239,482,534,173,40,124,161,86,102,77,410,149,501,126,3851,4090,4092,4093,4092
1647,240,221,637,1006,797,611,240,473,533,176,39,125,158,86,103,78,397,147,511,129,3805,4090,4092,4093,4093
1660,240,221,637,1016,800,613,241,475,523,175,41,125,171,84,103,77,399,147,497,129,3673,4088,4092,4093,4092
1674,239,221,643,1016,802,639,238,480,529,175,40,126,159,86,104,77,396,147,493,129,2970,4080,4092,4093,4092
1688,239,221,641,1015,808,632,239,489,520,174,40,127,161,84,103,78,394,147,496,130,1843,4068,4092,4093,4092
1702,239,221,642,1022,802,637,242,486,529,175,40,125,163,84,103,77,392,148,499,127,933,4059,4092,4092,4092
1716,239,221,641,1024,796,633,241,477,536,171,41,122,165,86,104,78,384,148,493,129,564,4055,4092,4092,4092
1730,239,221,638,1021,817,639,244,481,535,171,40,126,165,86,103,78,370,146,517,128,393,4053,4092,4093,4092
1743,239,221,636,1020,823,641,244,484,524,164,40,124,164,85,103,79,374,148,502,132,303,4052,4093,4093,4092
1757,239,221,639,1025,815,638,242,472,515,167,40,128,164,85,102,78,372,149,498,130,247,4051,4092,4093,4093
1771,238,221,632,1040,815,638,241,486,519,172,41,127,161,89,104,78,368,149,499,131,210,4050,4092,4093,4092
1785,238,221,630,1047,813,632,242,490,527,170,41,126,158,85,102,77,380,153,492,130,187,4049,4092,4093,4092
1799,238,221,620,1050,806,624,242,491,533,169,41,126,162,86,105,77,374,149,495,127,166,4049,4092,4093,4092
1813,238,221,621,1054,806,631,243,491,537,170,41,124,162,85,103,79,370,153,499,128,152,4049,4093,4093,4092
1826,238,221,623,1057,811,621,244,485,534,178,41,124,168,84,103,78,365,153,506,129,143,4048,4092,4093,4092
1840,237,221,633,1063,822,625,240,488,526,171,41,124,168,83,104,77,381,154,503,129,137,4048,4092,4093,4092
1854,237,221,633,1062,832,629,244,488,534,172,41,126,172,84,105,78,378,157,503,127,136,4048,4092,4093,4092
1868,237,221,630,1066,812,641,244,490,534,172,40,125,167,85,101,78,371,150,504,126,136,4048,4092,4092,4092
0,140,241,3929,4025,4060,4076,4077,4076,4018,4006,3999,3997,3998,4003,4006,3995,4085,4084,4088,4088,4085,4084,4082,4089,4083
13,131,210,3875,4006,4045,4070,4072,4075,4006,3992,3984,3981,3975,3989,3994,3980,4082,4083,4088,4087,4083,4081,4081,4089,4087
27,157,213,3167,3949,4028,4062,4071,4073,3991,3978,3979,3984,3977,3983,3987,3974,4081,4081,4087,4085,4082,4083,4082,4089,4091
41,157,218,1509,3817,3967,4039,4052,4068,3989,3967,3957,3961,3960,3971,3960,3951,4082,4079,4086,4084,4079,4081,4084,4092,4092
55,157,218,930,2604,3725,3828,4008,4035,3954,3946,3941,3916,3901,3934,3944,3921,4080,4077,4083,4083,4083,4087,4089,4093,4093
69,157,215,725,1291,2206,2732,3846,3984,3854,3790,3710,3837,3848,3888,3890,3862,4066,4080,4079,4084,4083,4089,4092,4093,4092
83,157,214,664,1030,796,958,2121,3683,3638,3548,3596,3669,3674,3721,3743,3729,4074,4071,4084,4086,4088,4091,4093,4093,4093
96,160,213,706,726,709,727,1376,1396,3320,2136,3140,3406,3285,3248,3513,3339,4057,4072,4086,4085,4091,4092,4093,4093,4092
110,161,212,811,663,663,1017,515,707,780,1415,2029,1814,2838,3125,3248,3294,4057,4076,4087,4091,4092,4093,4093,4093,4093
124,159,212,497,768,637,638,268,985,616,359,394,1676,1106,2370,3102,3152,3996,4072,4085,4091,4093,4093,4093,4093,4093
138,160,213,479,591,529,694,296,660,483,256,77,278,752,400,2436,2679,3977,4067,4089,4092,4093,4093,4093,4093,4092
152,161,214,666,550,596,524,303,438,500,230,73,139,264,209,243,241,3266,4028,4087,4092,4092,4092,4093,4093,4093
166,161,215,490,550,638,467,274,461,506,322,101,134,154,115,225,464,1110,3873,4079,4092,4092,4093,4092,4093,4093
179,163,216,459,531,503,523,261,512,559,195,94,139,160,130,166,110,697,541,4027,4091,4092,4093,4093,4093,4093
193,165,216,532,570,493,510,268,439,583,176,52,112,131,84,104,123,496,296,3979,4089,4092,4092,4092,4093,4092
207,166,216,551,599,565,581,267,453,467,179,51,103,158,87,285,92,386,207,2041,4063,4092,4092,4093,4093,4092
221,168,216,550,552,478,508,287,529,472,154,49,111,141,80,113,121,588,168,606,4037,4092,4092,4092,4093,4092
235,168,216,444,528,491,470,275,455,449,153,51,112,135,80,106,93,366,262,528,4022,4092,4092,4092,4093,4092
249,169,217,454,529,483,517,289,449,505,213,52,113,139,91,113,78,361,188,512,3993,4092,4092,4093,4093,4093
263,170,218,440,537,489,467,315,497,453,157,73,120,143,83,109,89,388,162,468,3965,4091,4092,4093,4093,4093
276,172,219,422,555,568,477,254,515,518,149,52,114,166,92,106,83,354,141,460,3923,4090,4092,4093,4093,4093
290,174,220,432,544,565,477,284,442,452,155,71,112,142,92,112,81,409,147,413,555,4051,4092,4092,4093,4092
304,176,220,428,551,494,519,241,425,456,153,46,117,150,101,106,81,343,186,544,138,4043,4092,4092,4093,4092
318,176,221,426,586,496,484,247,419,458,151,46,105,139,127,108,91,384,215,426,170,4041,4092,4092,4093,4092
332,176,220,443,560,517,480,252,473,449,150,51,111,137,90,105,86,336,177,446,215,4038,4092,4092,4093,4093
346,174,220,464,550,520,574,237,451,453,155,49,109,132,82,105,91,342,216,424,198,4032,4092,4092,4093,4093
359,174,220,476,567,513,495,230,414,465,166,46,120,136,96,102,79,359,179,471,159,4024,4092,4093,4093,4092
373,175,219,477,591,516,488,229,417,484,155,46,110,142,84,111,84,322,171,524,170,4015,4092,4093,4093,4092
387,176,219,451,572,509,484,222,441,475,159,48,121,140,96,103,94,353,240,565,206,4001,4092,4092,4093,4093
401,175,218,443,574,527,496,229,425,478,157,44,118,146,84,125,88,351,168,474,210,3984,4092,4092,4092,4092
415,173,218,437,582,519,510,233,444,482,154,44,108,145,83,101,97,362,192,474,181,3959,4092,4092,4093,4092
429,171,217,437,578,521,526,232,418,487,155,44,108,140,89,102,85,337,193,493,181,3933,4091,4092,4093,4092
442,170,217,439,583,515,500,222,426,490,150,43,116,137,87,103,82,335,227,426,180,3901,4091,4092,4093,4093
456,168,217,443,601,524,511,226,433,481,156,42,105,144,85,117,87,352,173,450,167,3648,4088,4092,4093,4092
470,167,217,453,592,522,517,223,434,494,150,45,116,145,88,105,80,329,173,435,177,1826,4067,4093,4093,4092
484,166,217,465,612,536,507,227,432,489,155,45,115,137,95,102,82,353,187,418,189,467,4053,4093,4093,4092
498,165,217,483,609,539,515,221,435,497,159,43,109,145,84,106,78,335,175,482,166,210,4049,4092,4092,4092
512,164,216,491,622,561,515,225,436,484,161,45,110,145,82,106,84,337,176,428,181,160,4047,4092,4092,4092
526,164,216,497,603,559,532,226,432,480,161,46,112,146,85,106,81,351,186,425,163,137,4046,4092,4093,4092
539,163,215,497,618,552,539,226,432,499,160,51,118,148,83,106,81,345,191,435,158,148,4046,4092,4092,4092
553,163,215,492,627,568,538,225,432,504,160,46,111,142,82,104,82,348,174,416,154,156,4045,4092,4093,4092
567,162,214,496,646,564,548,228,441,499,156,43,123,141,84,103,81,338,176,439,164,151,4044,4092,4093,4092
581,162,214,503,642,573,548,226,436,502,156,43,115,143,84,103,82,364,173,430,165,186,4044,4092,4093,4092
595,162,214,501,628,567,549,227,436,491,161,43,117,154,85,102,84,344,164,409,148,157,4042,4092,4092,4092
609,162,214,507,639,568,551,219,440,503,159,45,112,142,83,104,79,330,163,416,144,160,4041,4092,4093,4092
622,162,213,503,634,559,560,222,451,506,163,41,112,148,82,103,81,349,168,421,165,164,4039,4092,4093,4092
636,161,214,496,643,575,569,224,450,502,163,42,115,149,85,104,81,338,176,422,141,172,4038,4092,4093,4092
650,162,214,499,637,588,571,252,440,508,164,42,116,150,82,103,81,348,170,413,153,171,4035,4092,4093,4092
664,161,213,500,649,616,569,228,456,508,161,43,114,153,81,104,81,340,176,435,153,162,4033,4092,4093,4093
678,161,213,495,651,602,576,225,458,520,165,42,111,149,82,105,83,343,168,418,154,171,4029,4092,4093,4092
692,161,213,498,646,600,581,225,456,535,168,41,116,154,82,102,83,350,166,415,152,164,4026,4092,4093,4092
706,160,214,495,644,609,578,223,457,536,164,42,116,141,80,104,83,345,168,428,156,149,4021,4092,4093,4092
719,160,214,498,641,604,583,223,463,542,161,42,113,148,80,102,83,334,162,430,148,170,4017,4092,4092,4092
733,160,213,500,655,612,606,222,455,541,166,40,112,148,80,103,82,337,163,420,164,161,4010,4092,4092,4092
747,160,213,504,648,625,605,222,459,557,169,41,116,145,83,104,82,366,166,440,150,160,4002,4092,4093,4092
761,159,213,514,650,627,604,224,468,555,173,41,116,149,84,102,83,330,170,425,153,161,3993,4092,4093,4092
775,159,212,520,667,628,595,223,463,543,174,40,120,150,83,103,84,336,169,455,149,159,3984,4092,4093,4093
789,159,212,527,662,648,613,225,477,548,174,41,118,150,82,101,83,337,166,434,148,159,3972,4092,4093,4092
802,159,212,544,660,652,600,223,470,542,173,40,120,149,80,104,80,340,159,420,149,159,3959,4092,4093,4092
816,159,211,558,658,661,598,224,469,553,171,40,117,153,82,103,79,332,158,427,151,159,3945,4092,4093,4092
830,159,211,567,664,658,596,225,466,535,172,40,118,155,81,102,81,345,163,430,150,156,3933,4091,4093,4092
844,159,211,570,673,660,602,223,472,542,171,41,119,154,81,105,80,347,163,437,145,152,3921,4091,4092,4092
858,159,210,575,669,667,609,223,473,539,181,41,122,161,83,107,81,351,162,440,141,170,3908,4091,4093,4092
872,159,210,581,669,672,603,222,464,546,172,41,116,155,83,101,81,352,157,430,141,160,3890,4091,4093,4092
885,159,209,583,676,679,594,222,463,552,171,41,119,152,82,102,81,359,165,432,147,155,3841,4090,4092,4092
899,159,209,600,667,676,591,222,457,560,169,40,120,159,81,103,81,355,162,428,140,157,3517,4086,4093,4092
913,159,208,608,664,659,576,227,468,543,169,40,119,160,79,103,80,347,160,421,143,148,2312,4071,4092,4092
927,159,209,621,675,655,599,224,462,556,171,40,119,160,80,103,79,347,157,434,151,146,1018,4058,4092,4092
941,159,208,628,664,656,584,222,467,547,172,40,120,156,81,102,79,347,160,421,154,149,522,4052,4092,4092
955,159,208,608,665,641,580,225,474,543,175,40,118,155,83,103,79,347,164,422,146,156,332,4050,4092,4092
969,159,208,641,671,635,577,222,475,551,173,40,116,160,79,105,80,352,164,439,145,159,243,4049,4093,4093
982,158,208,636,674,643,585,231,455,549,174,41,118,157,83,103,81,346,157,431,147,151,199,4048,4093,4093
996,157,207,634,680,641,585,224,460,557,175,40,118,159,82,101,82,340,158,454,146,149,176,4048,4093,4092
1010,157,207,640,680,638,565,223,452,540,166,39,119,155,81,99,78,342,160,431,147,150,161,4047,4092,4092
1024,157,206,635,681,637,569,222,460,539,170,39,114,154,79,100,79,351,158,427,149,153,158,4047,4092,4092
1038,157,206,639,674,637,565,223,443,531,163,39,120,150,79,101,79,348,158,439,146,152,162,4047,4093,4092
1052,158,206,638,684,624,572,223,459,519,168,39,115,152,79,100,79,352,157,439,144,152,167,4047,4092,4092
1065,160,206,646,680,637,558,220,454,523,165,39,114,151,78,100,78,349,159,427,141,155,165,4047,4092,4092
1079,161,205,646,675,641,552,219,451,516,167,39,114,149,76,99,76,345,157,432,145,153,168,4047,4093,4093
1093,160,206,637,685,638,566,219,441,526,177,41,121,161,83,109,82,357,157,424,143,150,170,4047,4092,4092
1107,159,206,643,688,626,554,218,442,515,162,38,116,146,77,99,77,357,156,447,142,167,167,4047,4093,4092
1121,158,206,578,709,634,559,220,440,501,164,38,115,150,80,99,77,356,157,428,141,157,175,4046,4092,4092
1135,158,206,576,709,622,546,222,443,505,163,38,115,149,81,99,79,366,156,430,143,158,169,4046,4092,4092
1148,157,206,577,701,625,547,219,432,509,159,38,117,149,76,99,76,363,155,434,137,148,165,4046,4092,4092
1162,156,206,567,709,614,535,218,451,493,162,38,114,152,78,98,73,361,155,432,142,149,173,4046,4092,4092
1176,156,206,557,718,617,538,222,432,501,161,38,113,150,77,99,78,353,154,430,145,147,187,4046,4092,4092
1190,156,206,556,717,632,542,218,427,493,163,39,115,149,78,100,77,358,153,439,141,142,175,4045,4092,4092
1204,155,206,557,723,630,535,218,434,495,157,39,116,152,76,100,76,367,153,437,142,142,173,4045,4093,4092
1218,155,206,554,731,624,535,218,431,490,150,39,115,153,76,99,76,368,153,427,145,147,173,4045,4092,4092
1232,167,205,554,734,621,544,221,435,489,151,40,114,154,78,101,78,358,155,434,142,143,175,4044,4092,4092
1245,151,205,567,725,619,534,219,438,494,155,39,112,151,78,99,78,359,158,439,137,152,174,4044,4092,4092
1259,147,204,565,720,621,538,220,438,493,156,40,114,153,78,99,77,365,155,430,139,145,170,4044,4092,4092
1273,145,204,573,724,615,533,220,437,499,152,39,113,155,77,99,77,366,155,446,139,145,174,4043,4092,4092
1287,144,204,575,727,605,539,219,435,508,152,40,112,148,77,98,76,365,153,433,137,149,175,4043,4092,4092
1301,144,204,572,731,611,534,221,437,507,153,40,112,151,78,99,76,368,153,431,140,142,174,4042,4092,4092
1315,144,204,575,740,615,529,217,436,500,153,40,112,147,77,99,76,356,152,434,144,145,173,4042,4092,4092
1328,143,204,583,739,600,537,218,432,488,153,41,114,146,78,100,77,362,151,446,139,145,175,4042,4092,4092
1342,142,204,583,743,600,526,222,436,495,154,40,113,146,78,99,76,357,155,448,139,144,174,4041,4092,4092
1356,142,204,604,751,608,532,220,431,489,153,40,110,141,76,100,77,360,159,439,141,144,173,4041,4092,4092
1370,142,203,601,748,597,540,221,428,487,154,40,112,142,79,99,77,361,152,442,137,141,175,4040,4092,4092
1384,142,203,599,747,610,533,217,429,499,153,40,111,147,78,100,78,364,150,443,143,146,174,4040,4092,4092
1398,142,203,593,744,605,526,222,432,496,155,40,110,145,80,100,76,355,154,446,140,144,175,4040,4092,4092
1412,143,203,591,754,610,533,218,418,484,154,41,112,150,80,100,78,358,152,436,137,147,184,4039,4092,4092
1425,142,203,588,750,616,521,219,425,495,152,41,112,144,79,99,76,353,151,432,131,149,175,4038,4092,4092
1439,143,202,595,755,632,526,222,423,486,156,41,114,144,83,99,77,360,155,447,139,151,175,4038,4092,4092
1453,143,202,595,757,635,523,226,430,497,155,41,111,140,82,100,78,359,157,450,136,147,177,4037,4092,4092
1467,141,202,586,753,623,531,218,437,493,156,41,109,144,79,99,77,362,154,455,139,142,173,4037,4092,4092
1481,141,202,583,753,622,531,220,429,486,151,41,108,141,78,99,78,355,151,441,135,142,173,4036,4092,4092
1495,141,202,579,751,623,533,218,434,484,154,41,110,144,79,101,77,364,150,456,129,142,175,4036,4092,4092
1508,140,202,578,745,620,538,219,428,489,151,41,109,142,81,99,76,365,147,445,135,140,172,4035,4092,4092
1522,141,202,576,753,620,530,221,438,493,157,41,110,140,80,100,77,352,149,437,136,141,173,4034,4092,4092
1536,144,202,573,750,631,534,221,431,482,152,41,110,140,80,100,77,353,150,441,133,141,172,4034,4092,4092
1550,144,202,570,751,632,528,223,428,489,156,41,111,138,80,100,80,359,155,459,133,147,171,4033,4092,4092
1564,144,202,559,746,643,532,219,431,491,153,41,111,141,79,99,79,354,154,455,131,137,171,4032,4092,4092
1578,143,202,559,744,629,530,221,432,482,152,40,111,143,82,99,77,356,150,455,136,139,170,4032,4092,4092
1591,143,202,545,748,625,531,222,433,488,150,41,110,138,80,99,79,357,152,456,131,140,169,4031,4092,4092
1605,144,202,533,743,616,524,223,427,480,153,41,114,147,80,99,79,359,156,448,134,141,171,4030,4092,4092
1619,143,202,523,748,625,529,222,419,479,155,41,111,146,79,98,77,349,152,436,132,141,171,4029,4092,4092
1633,143,202,513,753,630,525,220,430,486,153,41,110,146,77,98,76,359,150,446,136,144,172,4028,4092,4092
1647,144,202,505,762,625,534,221,421,490,154,41,111,145,80,98,76,348,151,441,135,141,171,4027,4092,4092
1661,143,202,503,771,626,531,225,415,484,152,41,115,148,79,98,77,363,152,444,135,136,173,4026,4092,4092
1675,144,201,499,773,624,533,224,429,489,149,41,110,145,79,101,78,352,159,449,143,138,174,4025,4092,4092
1688,144,201,494,790,627,529,222,433,486,151,41,109,145,79,100,77,351,150,449,143,142,174,4024,4092,4092
1702,144,201,492,786,628,530,221,430,481,153,41,106,137,80,98,76,355,149,450,132,136,174,4023,4092,4092
1716,144,201,486,790,629,538,220,427,494,154,40,109,143,81,100,77,354,153,447,130,140,174,4022,4092,4092
1730,143,201,479,782,640,532,224,431,485,155,41,110,139,81,97,77,347,149,448,135,141,173,4021,4092,4092
1744,143,201,474,787,642,535,223,431,481,151,40,109,140,82,100,78,351,152,460,129,142,177,4020,4092,4092
1758,143,201,471,789,634,544,222,429,493,155,41,109,141,78,99,77,355,155,441,130,140,173,4019,4092,4092
1771,143,201,472,795,635,531,223,438,504,157,41,108,143,80,99,76,352,153,446,132,139,175,4017,4092,4092
1785,143,201,473,802,643,534,221,430,486,153,41,109,145,82,99,78,343,156,448,129,139,174,4015,4092,4092
1799,143,201,470,806,636,540,219,437,505,153,42,107,139,80,99,77,354,152,433,133,138,177,4015,4092,4092
1813,143,201,471,812,640,538,220,431,498,156,42,107,138,82,99,76,355,157,442,131,141,171,4013,4092,4092
1827,142,201,473,811,635,539,224,436,502,154,42,109,144,79,98,76,358,155,451,132,138,170,4011,4092,4092
1841,142,201,474,804,643,548,224,439,494,151,43,107,143,80,99,77,346,153,451,131,136,170,4010,4092,4092
1855,142,201,475,813,640,545,222,437,489,150,41,108,141,79,99,78,356,156,439,136,138,171,4008,4092,4092
1868,142,201,472,808,645,540,221,428,496,155,41,112,138,80,100,78,348,149,450,133,134,173,4007,4092,4092
1882,142,201,474,820,650,539,217,422,501,155,41,109,133,78,98,76,350,153,449,131,141,170,4005,4092,4092
1896,142,201,480,821,649,547,220,429,497,151,41,107,138,79,98,77,351,152,447,134,143,174,4003,4092,4092
1910,142,201,482,823,653,535,221,434,498,154,40,109,142,80,99,78,348,155,449,135,142,170,4001,4092,4092
1924,143,201,486,826,660,535,219,432,492,151,41,109,138,80,99,77,348,155,450,132,141,170,3999,4092,4092
1938,143,201,490,829,648,544,222,432,500,153,41,109,140,81,98,77,340,155,439,131,137,173,3997,4092,4092
1951,143,201,495,833,645,547,222,429,500,152,40,110,140,80,99,77,349,153,446,138,141,173,3995,4092,4092
1965,144,201,498,831,648,543,220,434,487,154,42,107,140,80,101,77,349,155,433,136,142,176,3992,4092,4092
1979,144,201,504,826,655,542,222,436,495,155,41,108,141,83,101,77,349,158,437,138,142,174,3991,4092,4092
1993,144,200,509,827,657,549,223,442,504,155,41,112,140,82,100,76,347,156,436,135,141,175,3989,4092,4092
0,482,4022,4089,4091,4092,4092,4092,4087,4084,4083,4083,4084,4084,4085,4085,4083,4092,4092,4093,4093,4093,4093,4093,4093,4092
13,557,3994,4086,4092,4092,4092,4092,4090,4088,4087,4087,4087,4087,4087,4087,4086,4092,4093,4093,4092,4093,4093,4093,4093,4092
27,634,3958,4078,4092,4092,4092,4092,4090,4088,4087,4087,4087,4087,4088,4088,4087,4092,4092,4092,4093,4092,4093,4093,4093,4092
41,640,3813,4064,4091,4092,4092,4092,4090,4088,4088,4088,4087,4088,4088,4088,4087,4092,4092,4093,4093,4093,4092,4093,4093,4092
55,664,1054,3997,4087,4092,4092,4092,4091,4089,4088,4088,4088,4088,4088,4088,4087,4093,4092,4093,4093,4093,4093,4092,4093,4092
69,686,962,3886,4073,4091,4092,4092,4091,4089,4088,4088,4088,4088,4088,4088,4087,4092,4093,4093,4093,4093,4093,4093,4093,4092
83,692,948,550,3985,4085,4092,4092,4091,4088,4088,4087,4087,4088,4088,4088,4087,4092,4093,4092,4093,4093,4093,4093,4093,4093
96,697,902,554,3672,4056,4090,4092,4090,4088,4088,4087,4087,4087,4088,4088,4087,4092,4093,4092,4093,4093,4093,4093,4093,4092
110,721,926,470,611,3887,4078,4091,4090,4088,4087,4087,4087,4087,4087,4087,4086,4092,4093,4093,4093,4092,4093,4093,4093,4093
124,724,922,468,611,676,4001,4086,4090,4088,4087,4087,4087,4087,4087,4087,4086,4092,4093,4093,4093,4092,4093,4093,4093,4093
138,743,980,483,542,532,3674,4057,4087,4087,4086,4086,4086,4086,4086,4086,4085,4092,4093,4093,4093,4092,4093,4093,4093,4093
152,729,980,467,575,546,692,3914,4078,4083,4082,4081,4081,4081,4081,4081,4080,4092,4093,4092,4093,4093,4093,4093,4093,4093
166,733,1030,490,612,547,569,312,4003,4073,4072,4072,4071,4071,4070,4070,4068,4092,4093,4092,4093,4093,4093,4093,4093,4093
179,734,1019,496,638,559,563,243,3306,4029,4034,4032,4030,4029,4027,4024,4021,4092,4093,4093,4093,4093,4093,4093,4093,4093
193,743,1036,501,642,524,566,244,489,3806,3825,3795,3750,3693,3633,3571,3508,4086,4093,4093,4093,4092,4093,4093,4093,4092
207,740,1032,514,643,567,554,253,501,726,2503,2729,2917,2707,2658,2653,2702,4076,4092,4093,4093,4093,4093,4093,4093,4093
221,734,1043,502,649,595,569,244,537,581,2478,2740,2775,2813,2761,2689,2676,4075,4093,4092,4093,4092,4093,4093,4093,4092
235,731,1064,525,638,667,560,238,508,538,244,2200,2294,2304,2310,2316,2319,4070,4093,4092,4093,4093,4093,4093,4093,4093
249,738,949,510,638,582,589,247,495,541,193,2099,2238,2241,2240,2240,2238,4068,4092,4093,4093,4093,4093,4093,4093,4093
263,733,1312,528,678,599,613,248,498,515,158,208,1914,1968,1969,1969,1970,4065,4093,4093,4093,4093,4093,4092,4093,4093
276,744,1070,515,660,610,571,236,496,540,154,32,1899,1991,2000,1992,1981,4065,4093,4093,4093,4093,4093,4093,4093,4093
290,744,1115,525,692,622,575,242,544,513,152,40,1812,1937,1938,1931,1923,4064,4093,4093,4093,4093,4093,4093,4093,4092
304,750,1093,532,723,631,622,234,501,497,157,74,217,1704,1743,1742,1742,4062,4093,4093,4093,4092,4093,4093,4093,4093
318,747,1146,533,724,638,607,237,487,531,148,31,130,1707,1764,1768,1773,4062,4093,4093,4093,4092,4093,4093,4093,4092
332,751,1153,553,732,628,663,234,524,513,145,36,123,1666,1743,1745,1744,4062,4093,4093,4093,4093,4093,4093,4093,4093
346,748,1159,567,713,632,618,241,505,520,141,31,106,1262,1588,1589,1585,4059,4092,4093,4093,4093,4093,4093,4093,4093
359,745,1165,570,734,637,613,236,700,506,139,29,112,352,1529,1561,1561,4059,4092,4093,4093,4093,4093,4093,4093,4093
373,740,1168,564,743,641,625,238,618,509,140,29,107,159,1523,1560,1559,4059,4093,4093,4093,4093,4093,4093,4093,4093
387,748,1184,600,752,659,627,241,528,511,142,29,113,161,1506,1552,1553,4059,4093,4093,4093,4093,4093,4093,4093,4093
401,745,1207,589,769,660,634,239,510,498,135,29,101,172,1477,1543,1542,4059,4093,4093,4093,4093,4093,4093,4093,4093
415,743,1208,603,797,658,633,234,509,504,133,28,105,154,1296,1490,1491,4058,4092,4093,4093,4092,4093,4093,4093,4093
429,746,1200,612,804,681,643,234,822,478,133,28,101,137,360,1461,1487,4058,4093,4092,4093,4093,4093,4093,4093,4093
443,745,1212,610,833,718,643,235,820,498,142,29,102,156,105,1448,1476,4058,4093,4093,4093,4093,4093,4093,4093,4093
456,741,1223,626,840,706,644,237,543,509,129,27,99,134,74,1415,1444,4057,4093,4093,4093,4093,4093,4093,4093,4093
470,741,1233,643,808,697,658,238,529,670,135,28,97,139,58,1410,1443,4058,4093,4093,4093,4093,4093,4093,4093,4092
484,741,1231,636,829,725,669,236,527,510,140,27,99,132,60,1401,1438,4057,4092,4093,4093,4093,4093,4093,4093,4093
498,742,1240,636,826,725,704,236,526,493,180,26,100,129,57,1364,1425,4057,4093,4093,4093,4093,4093,4093,4093,4093
512,743,1215,643,896,750,674,238,524,496,134,26,102,123,55,1213,1383,4057,4093,4093,4093,4092,4093,4093,4093,4093
526,741,1244,656,894,744,709,241,532,488,130,25,104,129,54,404,1350,4056,4093,4093,4093,4093,4093,4093,4093,4093
539,745,1120,660,916,739,716,242,532,482,130,28,101,127,57,95,1332,4056,4093,4093,4093,4092,4093,4093,4093,4093
553,748,1271,651,892,764,704,243,536,498,124,26,103,133,55,84,1335,4056,4093,4093,4092,4092,4093,4093,4093,4093
567,752,1278,680,927,759,713,242,524,503,131,25,101,130,53,85,1331,4056,4093,4093,4093,4093,4093,4092,4093,4093
581,754,1271,690,926,806,723,245,529,507,130,26,100,131,53,73,1328,4056,4093,4093,4093,4093,4093,4093,4093,4092
595,761,1267,719,939,804,739,244,553,505,136,25,99,133,55,73,1334,4056,4093,4093,4093,4093,4093,4093,4093,4093
609,763,1289,741,944,810,735,245,552,502,138,25,96,123,54,71,1311,4055,4093,4093,4093,4093,4093,4093,4093,4093
622,764,1287,739,950,826,729,248,589,512,135,25,96,127,53,70,1198,4053,4093,4093,4093,4093,4093,4093,4093,4093
636,765,1289,731,967,815,730,251,559,508,131,24,95,119,70,67,889,4049,4093,4093,4093,4093,4093,4093,4093,4092
650,766,1297,738,973,819,779,244,643,511,130,23,92,114,49,65,783,4047,4092,4093,4093,4093,4093,4093,4093,4092
664,766,1322,708,952,802,787,249,727,496,130,23,90,119,50,65,737,4045,4092,4093,4093,4093,4093,4093,4093,4093
678,767,1340,717,1050,813,745,251,575,512,129,23,89,124,50,66,97,4038,4092,4093,4093,4092,4093,4093,4093,4092
692,767,1344,710,954,802,793,250,592,526,131,24,89,124,50,66,60,4037,4092,4093,4093,4092,4093,4093,4093,4093
706,767,1335,717,981,830,798,249,578,520,132,24,87,110,49,66,68,4037,4092,4093,4093,4093,4093,4093,4093,4092
719,765,1336,729,965,827,793,248,600,531,133,23,94,117,49,66,52,4035,4092,4093,4093,4093,4093,4093,4093,4093
733,763,1346,728,982,801,788,254,601,521,130,23,90,116,50,66,53,4032,4092,4093,4093,4093,4093,4093,4093,4093
747,764,1349,738,995,856,805,252,602,543,127,24,91,123,50,65,52,4027,4092,4093,4093,4093,4093,4093,4093,4093
761,764,1348,738,1012,841,783,251,601,539,137,24,88,118,51,65,50,4017,4092,4092,4093,4093,4093,4093,4093,4093
775,765,1351,755,995,841,787,254,610,541,139,23,92,118,50,66,51,4001,4092,4092,4093,4093,4093,4093,4093,4092
789,767,1362,743,1039,843,797,251,597,554,135,23,90,117,48,66,50,3973,4092,4093,4093,4093,4093,4093,4093,4093
802,767,1365,765,1037,821,786,252,610,543,145,23,93,119,49,67,50,3917,4091,4092,4093,4093,4092,4093,4093,4092
816,770,1374,738,1034,842,796,254,608,550,142,24,92,124,50,67,51,3757,4088,4092,4092,4092,4092,4092,4092,4092
830,770,1369,766,1069,857,822,252,619,545,145,23,94,121,50,66,50,3410,4082,4092,4092,4092,4092,4092,4092,4092
844,771,1371,764,1073,862,818,256,625,554,145,33,97,124,50,67,52,3161,4077,4092,4092,4092,4092,4092,4092,4092
858,773,1387,783,1069,884,777,251,623,555,141,23,96,124,51,67,51,2735,4070,4092,4092,4092,4092,4092,4092,4092
872,774,1398,780,1037,890,817,247,616,554,142,23,97,121,50,67,50,1070,4052,4092,4092,4092,4092,4092,4092,4092
886,777,1409,790,1009,871,816,252,624,545,141,23,96,125,50,66,50,738,4048,4092,4092,4092,4092,4092,4092,4092
899,778,1414,799,1013,919,837,253,616,546,144,23,99,126,51,65,51,713,4047,4092,4092,4092,4092,4092,4092,4092
913,779,1416,797,1020,900,870,252,619,546,140,23,98,126,50,66,52,650,4046,4092,4092,4092,4092,4092,4092,4092
927,780,1417,800,1010,855,858,255,628,554,145,23,98,126,51,66,52,625,4045,4092,4092,4092,4092,4092,4092,4092
941,780,1433,810,1008,875,899,255,625,555,146,23,101,127,51,67,51,547,4043,4092,4092,4092,4092,4092,4092,4092
955,782,1445,808,1030,861,889,257,626,564,147,23,100,124,51,67,51,522,4040,4092,4092,4092,4092,4092,4092,4092
969,782,1457,804,1059,882,877,253,622,538,151,24,102,131,52,67,51,496,4036,4092,4092,4092,4092,4092,4092,4092
982,783,1458,798,1035,845,823,255,620,551,152,24,100,126,51,68,52,496,4029,4092,4092,4092,4092,4092,4092,4092
996,780,1468,802,1081,867,837,253,612,558,150,23,102,127,51,67,51,501,4018,4092,4092,4092,4092,4092,4092,4092
1010,777,1486,809,1095,917,836,253,606,542,149,23,102,133,52,67,52,487,3999,4092,4092,4092,4092,4092,4092,4092
1024,776,1479,806,1111,905,831,252,632,543,144,24,103,132,52,68,53,506,3975,4091,4092,4092,4092,4092,4092,4092
1038,777,1490,803,1103,913,844,257,645,560,148,23,104,132,51,69,51,488,3936,4091,4092,4092,4092,4092,4092,4092
1052,776,1483,815,1095,917,851,254,620,560,143,23,99,134,52,68,52,488,3886,4090,4092,4092,4092,4092,4092,4092
1066,779,1485,803,1118,898,862,252,633,564,145,24,108,130,51,68,52,497,3817,4089,4092,4092,4092,4092,4092,4092
1079,780,1486,820,1100,914,846,253,641,580,148,23,105,139,52,68,53,487,3725,4087,4092,4092,4092,4092,4092,4092
1093,781,1497,815,1131,908,844,254,637,569,143,24,107,137,52,68,52,496,3590,4085,4092,4092,4092,4092,4092,4092
1107,779,1493,815,1150,889,824,255,628,571,144,24,104,136,51,68,53,459,3388,4081,4092,4092,4092,4092,4092,4092
1121,779,1506,825,1155,901,838,252,616,570,144,24,104,134,53,68,52,446,3161,4078,4092,4092,4092,4092,4092,4092
1135,777,1526,839,1106,916,838,252,613,587,147,24,103,133,52,69,52,454,2963,4075,4092,4092,4092,4092,4092,4092
1149,778,1521,835,1171,937,871,255,632,561,153,24,107,136,52,68,52,461,2357,4067,4092,4092,4092,4092,4092,4092
1162,775,1517,803,1164,914,835,253,617,558,151,24,106,138,52,68,52,453,688,4051,4092,4092,4092,4092,4092,4092
1176,774,1522,846,1147,893,860,253,644,558,154,24,103,139,52,70,52,457,287,4046,4092,4092,4092,4092,4092,4092
1190,774,1525,824,1151,903,838,252,623,568,152,24,106,136,52,69,53,462,205,4044,4092,4092,4092,4092,4092,4092
1204,774,1525,821,1159,926,852,251,637,553,144,24,102,137,51,69,52,466,207,4044,4092,4092,4092,4092,4092,4092
1218,774,1550,837,1152,906,868,251,611,574,147,24,101,136,52,69,52,455,196,4044,4092,4092,4092,4092,4092,4092
1232,775,1555,829,1182,923,811,252,622,581,154,23,103,139,51,69,52,456,164,4043,4092,4092,4092,4092,4092,4092
1245,776,1552,843,1207,923,865,254,613,566,150,25,104,137,52,70,52,464,148,4042,4092,4092,4092,4092,4092,4092
1259,775,1563,842,1169,939,876,252,613,565,154,24,108,134,51,70,53,469,147,4043,4092,4092,4092,4092,4092,4092
1273,776,1575,839,1168,900,847,253,621,556,154,24,106,134,52,69,52,465,145,4042,4092,4092,4092,4092,4092,4092
1287,777,1572,834,1204,921,819,255,619,560,150,24,110,137,52,70,53,483,147,4042,4092,4092,4092,4092,4092,4092
1301,778,1581,835,1203,946,834,254,618,546,155,24,107,138,53,70,53,480,147,4041,4092,4092,4092,4092,4092,4092
1315,780,1596,849,1207,942,822,252,610,557,149,25,106,139,52,70,53,488,146,4041,4092,4092,4092,4092,4092,4092
1329,781,1591,840,1214,983,855,250,611,568,146,24,110,138,52,71,53,483,147,4040,4092,4092,4092,4092,4092,4092
1342,781,1596,842,1213,973,833,253,608,567,150,24,107,145,52,70,53,487,148,4039,4092,4092,4092,4092,4092,4092
1356,780,1599,848,1219,963,811,250,613,562,149,24,108,147,53,71,53,489,147,4037,4092,4092,4092,4092,4092,4092
1370,781,1613,840,1196,948,826,253,630,549,151,24,105,145,53,71,54,509,149,4034,4092,4092,4092,4092,4092,4092
1384,782,1619,861,1177,935,852,250,632,569,147,24,110,150,54,71,54,514,148,4032,4092,4092,4092,4092,4092,4092
1398,782,1628,848,1207,928,839,249,618,557,152,24,109,147,52,71,54,516,149,4028,4092,4092,4092,4092,4092,4092
1412,781,1647,852,1224,934,857,253,616,567,152,24,111,142,53,72,54,518,147,4024,4092,4092,4092,4092,4092,4092
1425,780,1646,849,1206,941,852,251,605,562,155,24,108,146,53,72,54,522,149,4018,4092,4092,4092,4092,4092,4092
1439,780,1643,849,1215,971,854,250,606,558,149,24,108,145,54,72,54,515,148,4012,4092,4092,4092,4092,4092,4092
1453,780,1641,855,1217,968,864,253,609,560,152,24,110,140,53,72,53,510,149,4003,4092,4092,4092,4092,4092,4092
1467,779,1655,855,1245,994,880,254,611,572,148,25,106,142,55,71,54,511,148,3993,4092,4092,4092,4092,4092,4092
1481,780,1649,851,1260,977,854,254,591,563,150,24,111,140,54,72,54,514,148,3981,4091,4092,4092,4092,4092,4092
1495,779,1651,855,1251,975,820,258,613,563,153,24,110,144,54,73,54,536,147,3968,4091,4092,4092,4092,4092,4092
1509,780,1671,857,1239,989,849,252,611,577,147,24,113,147,54,73,54,531,148,3954,4091,4092,4092,4092,4092,4092
1522,780,1694,861,1243,1002,859,251,603,561,149,24,113,147,54,73,55,535,149,3936,4091,4092,4092,4092,4092,4092
1536,779,1694,877,1257,1020,849,253,616,557,150,25,111,147,55,73,55,521,147,3915,4091,4092,4092,4092,4092,4092
1550,778,1695,864,1295,1050,874,251,625,571,154,25,112,150,55,73,56,544,147,3884,4090,4092,4092,4092,4092,4092
1564,778,1695,856,1336,1075,921,255,630,577,150,25,112,144,54,73,55,535,147,3835,4090,4092,4092,4092,4092,4092
1578,778,1701,860,1315,1073,918,255,628,578,142,24,111,145,53,72,55,521,146,3774,4089,4092,4092,4092,4092,4092
1592,779,1703,877,1316,1048,908,259,624,562,147,24,110,143,53,72,55,504,151,3702,4088,4092,4092,4092,4092,4092
1605,780,1714,881,1343,1042,952,260,625,580,149,24,108,146,54,72,54,521,149,3630,4087,4092,4092,4092,4092,4092
1619,782,1719,862,1359,1028,925,258,630,564,148,25,110,143,54,71,54,542,148,3575,4086,4092,4092,4092,4092,4092
1633,781,1724,874,1375,1049,921,255,633,565,149,24,111,147,53,72,54,533,147,3528,4085,4092,4092,4092,4092,4092
1647,782,1735,867,1379,1048,944,256,628,582,150,24,108,148,53,72,55,550,146,3496,4085,4092,4092,4092,4092,4092
1661,782,1729,867,1359,1040,902,256,632,586,150,25,108,143,53,72,55,533,147,3469,4084,4092,4092,4092,4092,4092
1675,783,1734,878,1351,1023,900,256,632,594,152,25,112,145,53,72,55,533,147,3119,4080,4092,4092,4092,4092,4092
1688,783,1744,886,1377,1071,899,258,633,599,156,24,109,143,54,74,55,514,150,2541,4073,4092,4092,4092,4092,4092
1702,786,1763,878,1401,1038,917,254,635,592,153,25,112,146,56,74,55,510,152,2046,4068,4092,4092,4092,4092,4092
1716,784,1771,892,1399,1038,889,254,619,602,154,25,109,149,56,75,56,501,147,1528,4063,4092,4092,4092,4092,4092
1730,784,1771,892,1395,1018,890,253,627,598,161,25,106,148,55,75,56,521,147,1145,4059,4092,4092,4092,4092,4092
1744,783,1779,884,1393,1060,897,255,621,603,155,25,108,148,56,75,57,518,147,897,4057,4092,4092,4092,4092,4092
1758,781,1781,890,1390,1052,879,255,618,596,159,25,105,143,54,74,57,523,151,846,4056,4092,4092,4092,4092,4092
1772,782,1782,886,1403,1061,874,255,627,585,161,25,109,145,54,73,56,530,150,762,4055,4092,4092,4092,4092,4092
1785,783,1768,879,1412,1055,885,255,625,573,155,25,109,146,54,73,56,537,148,711,4054,4092,4092,4092,4092,4092
1799,784,1782,882,1386,1039,895,253,635,571,163,25,109,144,54,73,55,536,149,675,4054,4092,4092,4092,4092,4092
1813,785,1783,891,1394,1056,872,253,635,560,164,25,106,144,56,73,55,533,148,614,4053,4092,4092,4092,4092,4092
1827,785,1787,899,1410,1067,918,254,626,569,160,24,107,140,53,72,55,518,147,582,4053,4092,4092,4092,4092,4092
1841,785,1799,906,1393,1041,919,254,632,569,156,24,111,145,53,73,55,516,150,576,4052,4092,4092,4092,4092,4092
1855,788,1803,921,1372,1057,925,257,633,574,161,24,109,140,54,72,55,518,147,574,4053,4092,4092,4092,4092,4092
1868,788,1792,921,1354,1086,922,256,626,578,159,25,112,147,55,73,55,538,148,542,4052,4092,4092,4092,4092,4092
1882,789,1817,915,1371,1095,909,256,627,585,155,25,113,143,54,72,55,528,149,549,4052,4092,4092,4092,4092,4092
1896,789,1822,911,1365,1080,947,260,631,560,153,24,111,150,55,74,55,542,148,534,4052,4092,4092,4092,4092,4092
1910,789,1813,905,1363,1070,941,260,637,580,151,25,111,149,55,73,56,533,147,545,4051,4092,4092,4092,4092,4092
1924,791,1823,912,1383,1048,940,260,624,569,157,25,113,148,55,73,56,530,147,543,4051,4092,4092,4092,4092,4092
1938,793,1809,912,1358,1060,919,257,638,573,153,25,111,145,54,74,55,540,147,555,4050,4092,4092,4092,4092,4092
1952,794,1816,914,1386,1062,904,257,634,582,155,25,109,145,55,72,55,541,148,559,4049,4092,4092,4092,4092,4092
1965,794,1814,918,1369,1081,922,257,631,592,157,25,111,152,55,73,55,550,148,559,4048,4092,4092,4092,4092,4092
1979,793,1818,935,1347,1064,925,257,649,586,160,25,114,151,54,73,56,541,148,570,4048,4092,4092,4092,4092,4092
1993,793,1820,936,1365,1067,936,258,633,575,157,25,112,146,54,72,55,548,147,572,4047,4092,4092,4092,4092,4092
2007,795,1831,936,1365,1080,946,255,637,590,156,25,115,156,54,73,55,541,147,580,4047,4092,4092,4092,4092,4092
2021,797,1841,937,1352,1067,958,257,635,581,155,25,114,143,54,73,56,551,147,582,4045,4092,4092,4092,4092,4092
2035,798,1850,940,1400,1050,956,258,637,578,159,25,111,140,54,74,56,539,149,588,4045,4092,4092,4092,4092,4092
2048,798,1853,945,1413,1050,952,259,631,584,160,25,113,151,55,74,56,553,148,598,4045,4092,4092,4092,4092,4092
2062,799,1860,938,1398,1066,928,259,628,589,157,25,114,155,55,73,56,534,149,597,4044,4092,4092,4092,4092,4092
2076,800,1860,956,1363,1080,936,258,639,598,159,25,111,150,55,74,56,534,148,593,4043,4092,4092,4092,4092,4092
2090,801,1862,959,1392,1057,908,259,647,602,159,25,110,151,54,74,55,528,149,602,4043,4092,4092,4092,4092,4092
2104,801,1857,962,1396,1057,916,257,635,599,159,25,112,150,54,73,56,527,149,609,4043,4092,4092,4092,4092,4092
2118,803,1860,963,1397,1068,898,257,645,603,161,25,108,157,55,73,55,531,149,614,4042,4092,4092,4092,4092,4092
2132,805,1865,969,1407,1067,903,257,632,603,159,25,111,154,55,74,56,546,148,615,4042,4092,4092,4092,4092,4092
2145,804,1876,971,1410,1052,908,255,637,603,162,25,111,153,54,74,55,533,149,616,4041,4092,4092,4092,4092,4092
2159,811,1880,969,1396,1067,909,257,637,586,163,25,112,145,55,74,56,543,149,622,4041,4092,4092,4092,4092,4092
2173,810,1893,960,1385,1070,895,257,636,579,166,25,108,153,54,75,56,521,150,629,4041,4092,4092,4092,4092,4092
2187,811,1896,961,1388,1082,927,257,642,584,163,25,115,149,55,74,56,509,147,630,4041,4092,4092,4092,4092,4092
2201,817,1901,966,1414,1067,939,257,637,591,163,25,110,149,56,74,56,510,148,629,4040,4092,4092,4092,4092,4092
2215,815,1905,973,1388,1055,919,259,636,590,166,25,107,144,55,74,57,519,149,636,4040,4092,4092,4092,4092,4092
2228,815,1892,980,1403,1032,904,254,629,585,162,25,112,151,56,75,56,523,149,633,4039,4092,4092,4092,4092,4092
2242,816,1884,986,1415,1052,923,257,647,587,165,25,111,153,55,74,57,518,148,632,4039,4092,4092,4092,4092,4092
2256,821,1878,985,1413,1055,904,259,636,588,166,25,114,148,56,74,56,531,149,622,4039,4092,4092,4092,4092,4092
2270,821,1887,993,1399,1036,917,257,628,583,161,25,116,154,56,76,57,525,149,648,4038,4092,4092,4092,4092,4092
2284,823,1907,989,1410,1042,922,258,629,602,161,26,114,152,55,76,57,514,149,645,4038,4092,4092,4092,4092,4092
2298,826,1901,998,1401,1033,899,258,632,579,161,25,114,153,56,76,57,524,147,652,4037,4092,4092,4092,4092,4092
2311,828,1909,991,1408,1052,907,256,631,593,165,25,117,152,55,76,57,523,149,655,4036,4092,4092,4092,4092,4092
2325,828,1922,994,1415,1062,908,255,639,601,163,26,115,153,55,76,57,514,149,652,4035,4092,4092,4092,4092,4092
2339,829,1916,991,1407,1057,884,258,620,585,164,25,114,153,56,75,57,518,150,657,4035,4092,4092,4092,4092,4092
2353,828,1928,995,1398,1042,899,258,629,595,160,25,111,155,56,76,58,519,148,668,4034,4092,4092,4092,4092,4092
2367,830,1931,1002,1397,1053,917,255,633,593,167,26,114,150,56,76,58,508,152,663,4033,4092,4092,4092,4092,4092
0,172,253,3897,4065,4089,4091,4091,4086,4076,4075,4075,4075,4076,4077,4077,4074,4092,4092,4092,4092,4092,4092,4093,4093,4092
13,143,220,3894,4054,4087,4091,4092,4088,4080,4079,4078,4078,4078,4079,4079,4076,4092,4093,4092,4093,4092,4092,4092,4093,4092
27,148,220,3256,4013,4080,4090,4091,4089,4079,4078,4077,4077,4077,4078,4078,4075,4092,4092,4093,4093,4093,4093,4093,4093,4093
41,155,222,957,3861,4048,4086,4091,4089,4078,4077,4076,4075,4076,4076,4076,4074,4092,4092,4092,4093,4093,4092,4092,4093,4092
55,159,223,739,1137,3905,4069,4087,4088,4076,4074,4073,4074,4074,4075,4075,4073,4092,4092,4092,4093,4093,4092,4092,4093,4093
69,162,225,540,773,807,3944,4068,4085,4074,4071,4070,4070,4070,4071,4071,4067,4092,4092,4092,4093,4092,4092,4093,4093,4093
83,163,223,593,754,741,750,3873,4063,4057,4055,4053,4053,4053,4053,4052,4049,4092,4092,4093,4093,4093,4093,4093,4093,4092
96,166,222,483,694,524,597,302,3850,4002,3993,3987,3982,3977,3973,3968,3960,4091,4092,4092,4093,4093,4093,4093,4093,4093
110,166,222,552,653,579,527,283,827,2989,3480,3529,3539,3526,3481,3432,3399,4084,4093,4092,4093,4092,4093,4093,4093,4092
124,167,221,508,630,632,667,263,692,551,904,2703,2829,2822,2805,2803,2788,4076,4092,4092,4093,4092,4093,4092,4093,4092
138,165,221,489,602,564,596,312,496,599,214,81,2362,2493,2513,2514,2482,4072,4092,4093,4093,4093,4093,4093,4093,4092
152,164,220,603,628,557,525,247,469,515,170,80,166,2145,2258,2210,2205,4068,4093,4092,4093,4093,4093,4093,4093,4093
166,165,219,532,637,548,545,255,488,594,187,36,142,191,1911,1978,1985,4065,4092,4092,4093,4093,4093,4093,4093,4092
179,166,219,514,642,578,549,244,516,489,178,79,136,184,1819,2325,2575,4072,4092,4092,4093,4093,4093,4093,4093,4093
193,165,218,490,623,648,659,248,491,469,147,37,119,160,63,1820,1882,4063,4093,4093,4093,4093,4093,4093,4093,4092
207,165,218,484,645,579,632,239,481,492,143,34,108,159,69,225,1728,4062,4092,4092,4093,4093,4093,4093,4093,4092
221,165,217,491,659,600,500,242,498,496,140,34,99,127,85,87,1677,4060,4092,4093,4093,4093,4093,4092,4093,4093
235,165,217,561,647,586,567,248,511,487,130,32,103,132,61,89,1532,4057,4093,4092,4092,4093,4093,4093,4093,4092
249,165,217,507,620,599,573,241,505,462,127,31,100,116,60,78,101,4037,4092,4092,4093,4093,4093,4093,4093,4092
263,165,217,526,690,596,585,295,529,472,134,30,93,139,60,79,58,4027,4092,4093,4093,4093,4093,4093,4093,4093
276,165,217,521,687,605,589,241,480,480,131,32,95,130,64,77,59,3997,4092,4093,4093,4093,4093,4093,4093,4092
290,166,217,521,697,613,595,239,497,488,132,37,94,125,63,81,64,3894,4090,4092,4092,4092,4093,4092,4093,4092
304,166,216,531,708,604,596,239,492,500,141,30,91,118,64,79,57,3203,4078,4092,4092,4092,4092,4092,4092,4092
318,166,216,526,712,621,594,237,510,529,134,34,93,119,62,79,61,775,4049,4092,4092,4092,4092,4092,4092,4092
332,166,216,506,716,629,589,239,491,566,132,29,94,115,60,78,59,423,4040,4092,4092,4092,4092,4092,4092,4092
346,166,216,522,732,627,602,242,505,499,131,31,100,112,58,77,59,410,4026,4092,4092,4092,4092,4092,4092,4092
359,166,216,511,738,646,643,238,498,503,123,31,90,118,58,80,59,418,3996,4092,4092,4092,4092,4092,4092,4092
373,166,216,514,742,597,579,234,496,501,136,29,94,123,75,75,58,390,3918,4091,4092,4092,4092,4092,4092,4092
387,167,215,509,755,628,604,241,503,492,133,28,85,120,70,76,59,391,3586,4086,4092,4092,4092,4092,4092,4092
401,167,215,558,769,660,624,235,509,489,131,28,95,122,58,87,61,415,2752,4074,4092,4092,4092,4092,4092,4092
415,167,215,533,774,685,637,241,512,501,136,29,95,120,59,75,59,398,724,4053,4092,4092,4092,4092,4092,4092
429,167,215,515,758,683,589,239,507,502,133,29,94,126,58,79,59,396,176,4044,4092,4092,4092,4092,4092,4092
442,167,215,531,777,664,643,244,516,497,135,28,94,123,57,77,60,395,178,4042,4092,4092,4092,4092,4092,4092
456,168,215,531,787,687,670,241,524,506,135,29,91,121,54,78,57,405,203,4038,4092,4092,4092,4092,4092,4092
470,168,216,537,776,698,665,248,505,503,139,29,94,137,58,79,59,374,181,4030,4092,4092,4092,4092,4092,4092
484,168,215,544,785,697,659,242,526,493,137,28,93,123,56,76,62,419,179,4018,4092,4092,4092,4092,4092,4092
498,168,215,548,797,712,694,242,525,514,138,28,95,126,106,76,58,408,186,3996,4092,4092,4092,4092,4092,4092
512,168,216,547,789,720,701,242,523,504,136,29,96,122,64,77,64,401,183,3940,4091,4092,4092,4092,4092,4092
526,168,216,547,787,747,714,244,533,507,137,28,99,125,58,83,60,392,182,3795,4089,4092,4092,4092,4092,4092
539,169,216,548,806,755,701,241,542,497,134,28,95,126,69,90,58,403,184,3656,4087,4092,4092,4092,4092,4092
553,169,216,547,813,719,716,241,540,531,136,28,96,127,58,77,60,402,176,3153,4080,4092,4092,4092,4092,4092
567,169,216,550,804,760,745,240,535,533,143,28,98,126,57,77,58,395,178,1460,4062,4092,4092,4092,4092,4092
581,169,216,551,817,754,748,244,545,541,139,28,97,128,56,78,58,380,182,740,4054,4092,4092,4092,4092,4092
595,169,217,555,828,734,728,245,547,544,135,27,97,128,58,77,59,416,188,573,4052,4092,4092,4092,4092,4092
609,169,217,556,815,742,757,246,530,540,145,30,98,124,56,76,57,394,183,585,4051,4092,4092,4092,4092,4092
622,169,218,563,825,752,751,248,547,535,153,28,97,120,57,76,59,371,188,569,4049,4092,4092,4092,4092,4092
636,169,218,566,830,750,742,245,580,552,148,27,100,130,57,77,58,394,182,574,4046,4092,4092,4092,4092,4092
650,169,218,564,842,760,770,245,580,562,147,27,100,128,56,75,58,396,177,540,4041,4092,4092,4092,4092,4092
664,170,218,567,846,775,788,246,574,581,169,31,111,143,66,85,69,423,185,540,4037,4092,4092,4092,4092,4092
678,169,218,574,839,790,747,247,590,583,173,31,115,146,65,86,67,420,177,547,4029,4092,4092,4092,4092,4092
692,170,218,572,853,789,786,248,579,614,176,30,109,145,65,85,63,421,173,507,4017,4092,4092,4092,4092,4092
706,170,218,574,849,774,785,248,592,556,154,27,94,133,60,84,66,412,188,505,4000,4092,4092,4092,4092,4092
719,170,219,582,865,787,788,249,584,603,172,29,100,130,57,76,60,428,181,495,3975,4092,4092,4092,4092,4092
733,170,219,578,864,757,793,247,590,563,158,27,101,129,57,75,58,429,177,503,3923,4091,4092,4092,4092,4092
747,170,219,573,855,760,787,249,592,574,162,27,99,130,56,74,59,449,177,481,3779,4089,4092,4092,4092,4092
761,170,219,595,857,761,778,249,592,561,156,26,102,127,57,74,58,440,181,500,3597,4086,4092,4092,4092,4092
775,170,219,591,867,772,781,250,588,560,157,26,101,129,55,74,58,429,180,512,3490,4085,4092,4092,4092,4092
789,170,219,593,938,795,768,249,582,585,162,27,102,131,57,75,59,433,183,501,3447,4084,4092,4092,4092,4092
802,170,220,593,949,780,763,249,602,585,159,27,105,129,57,75,59,427,174,515,3368,4082,4092,4092,4092,4092
816,170,220,588,923,800,793,246,599,578,156,26,100,133,56,75,59,421,179,502,2478,4071,4092,4092,4092,4092
830,170,220,594,893,798,774,249,586,566,157,27,104,134,55,74,58,413,177,524,961,4056,4092,4092,4092,4092
844,170,220,601,886,804,810,249,599,572,163,29,113,141,55,74,58,427,182,516,367,4049,4092,4092,4092,4092
858,170,220,606,886,815,798,250,597,574,162,26,103,130,55,75,58,417,180,511,208,4046,4092,4092,4092,4092
872,170,220,604,887,818,799,246,598,569,159,26,102,133,56,74,62,422,175,521,151,4045,4092,4092,4092,4092
885,170,221,610,913,802,810,249,581,571,155,26,103,143,56,76,58,417,180,501,135,4044,4092,4092,4092,4092
899,170,221,616,910,822,800,250,594,582,153,27,104,143,56,76,60,395,174,522,124,4044,4092,4092,4092,4092
913,170,221,624,917,839,792,247,577,583,157,26,106,140,56,75,58,430,176,512,126,4044,4092,4092,4092,4092
927,170,221,626,923,864,815,248,572,602,173,28,113,147,60,81,63,413,180,528,123,4044,4092,4092,4092,4092
941,170,221,633,923,844,821,248,602,589,167,27,111,148,58,82,62,419,175,509,126,4043,4092,4092,4092,4092
955,170,221,630,918,841,812,249,588,578,165,27,112,147,58,79,61,412,185,517,125,4043,4092,4092,4092,4092
969,171,221,633,935,841,810,249,596,586,171,28,113,154,61,81,62,426,177,516,130,4043,4092,4092,4092,4092
982,170,221,642,924,854,825,251,585,579,171,28,115,153,60,81,63,424,174,520,133,4042,4092,4092,4092,4092
996,170,221,644,929,838,799,247,590,564,164,26,108,141,56,76,59,427,180,515,130,4041,4092,4092,4092,4092
1010,170,221,647,930,823,810,250,585,554,155,26,108,139,57,76,60,438,173,503,136,4040,4092,4092,4092,4092
1024,170,221,653,942,851,843,249,582,589,178,30,124,159,63,86,65,432,177,516,133,4038,4092,4092,4092,4092
1038,171,222,652,942,860,830,251,603,605,182,30,127,160,64,87,66,432,175,524,130,4036,4092,4092,4092,4092
1052,170,222,664,939,836,806,252,585,581,159,27,112,146,58,78,60,433,177,524,130,4033,4092,4092,4092,4092
1065,171,222,665,930,852,817,255,603,566,163,27,112,151,58,79,60,449,173,533,132,4030,4092,4092,4092,4092
1079,171,222,663,919,856,803,249,595,559,157,27,109,141,56,76,58,456,173,518,133,4027,4092,4092,4092,4092
1093,170,222,664,939,854,816,253,599,626,186,29,136,145,55,77,59,465,173,523,129,4023,4092,4092,4092,4092
1107,170,222,674,943,842,806,252,578,573,159,27,107,141,55,75,58,468,176,518,129,4019,4092,4092,4092,4092
1121,170,222,680,943,856,792,252,582,573,165,28,110,145,58,78,61,461,172,507,129,4015,4092,4092,4092,4092
1135,170,223,690,943,865,775,252,573,580,166,28,111,146,58,79,61,468,172,507,131,4011,4092,4092,4092,4092
1149,171,223,687,949,884,796,248,597,578,162,27,113,151,57,78,62,452,171,515,129,4006,4092,4092,4092,4092
1162,171,223,691,959,881,783,249,606,575,164,28,114,158,63,86,66,453,173,505,128,4000,4092,4092,4092,4092
1176,171,223,692,943,860,780,247,594,577,169,29,115,153,61,81,63,457,175,527,126,3993,4092,4092,4092,4092
1190,171,223,693,946,872,789,247,598,591,177,29,117,159,61,85,65,474,175,533,128,3986,4092,4092,4092,4092
1204,171,223,700,970,857,787,250,582,583,173,29,118,162,62,84,65,464,177,535,131,3980,4092,4092,4092,4092
1218,171,223,710,980,863,787,248,591,595,175,29,116,162,60,84,65,462,178,539,129,3970,4092,4092,4092,4092
1232,171,223,711,983,862,808,241,575,579,153,26,106,140,54,75,57,462,176,530,129,3956,4091,4092,4092,4092
1245,171,223,710,977,854,767,247,566,540,150,27,108,143,57,80,62,457,173,534,130,3946,4091,4092,4092,4092
1259,171,223,708,997,871,754,246,561,571,160,28,109,150,60,81,61,455,169,535,127,3931,4091,4092,4092,4092
1273,171,223,715,1004,868,777,245,563,602,168,30,117,160,61,86,65,465,176,538,129,3915,4091,4092,4092,4092
1287,171,223,726,1015,879,759,247,566,589,175,30,118,161,64,86,68,472,170,537,128,3893,4091,4092,4092,4092
1301,171,223,728,1013,885,752,245,560,578,185,30,116,167,64,89,69,458,171,551,128,3875,4090,4092,4092,4092
1315,171,223,726,1006,890,756,244,556,577,175,30,121,162,64,87,67,470,172,539,130,3845,4090,4092,4092,4092
1328,171,223,732,1014,885,766,249,555,586,179,30,120,164,63,87,68,466,172,543,131,3819,4090,4092,4092,4092
1342,171,224,736,1022,872,767,246,563,577,175,30,121,157,65,88,66,477,174,536,128,3809,4089,4092,4092,4092
1356,171,224,736,1015,882,755,246,561,563,171,29,117,155,64,86,65,476,169,526,128,3768,4089,4092,4092,4092
1370,171,224,742,994,868,774,245,576,564,169,29,116,153,60,85,65,482,173,543,128,3746,4088,4092,4092,4092
1384,171,224,747,1016,884,784,249,564,571,174,30,121,161,62,86,67,471,173,544,130,3714,4088,4092,4092,4092
1398,171,224,747,1022,871,772,249,574,573,176,29,116,158,61,86,66,465,169,527,130,3688,4088,4092,4092,4092
1412,171,224,749,1023,877,770,243,561,561,165,30,116,160,63,85,64,476,176,522,129,3679,4087,4092,4092,4092
1425,171,224,750,1044,894,782,248,543,578,166,29,115,154,62,85,65,471,170,542,128,3668,4087,4092,4092,4092
1439,171,224,738,1046,907,774,247,565,579,164,29,118,158,62,85,66,484,169,549,130,3635,4086,4092,4092,4092
1453,171,224,742,1054,897,777,246,576,579,165,29,118,153,64,84,65,478,168,544,126,3522,4084,4092,4092,4092
1467,171,224,733,1064,889,802,243,556,560,153,28,109,143,58,80,63,470,171,546,128,3390,4083,4092,4092,4092
1481,171,224,739,1061,907,785,247,560,575,170,30,119,159,62,85,66,484,170,553,127,3148,4080,4092,4092,4092
1495,171,224,735,1068,920,802,245,560,580,175,30,119,156,63,87,68,480,171,549,126,2449,4073,4092,4092,4092
1508,171,225,723,1067,918,788,244,559,581,168,30,114,159,62,84,66,480,169,540,127,1748,4065,4092,4092,4092
1522,171,225,726,1063,926,783,246,580,584,173,30,119,156,62,84,64,461,169,548,127,1122,4059,4092,4092,4092
1536,171,225,737,1059,911,766,248,569,580,166,30,112,150,61,83,64,470,169,556,128,751,4055,4092,4092,4092
1550,171,225,731,1056,916,783,252,582,565,166,29,111,151,60,84,64,470,171,559,128,531,4053,4092,4092,4092
1564,171,225,708,1056,908,774,245,579,559,161,28,108,136,57,80,62,472,171,553,124,389,4051,4092,4092,4092
1578,171,225,718,1075,906,788,246,582,566,160,28,108,137,60,89,69,472,171,579,128,301,4050,4092,4092,4092
1592,171,225,717,1085,902,770,247,564,576,168,29,110,146,61,84,64,480,174,576,129,246,4049,4092,4092,4092
1605,171,225,719,1090,909,772,248,570,580,165,29,112,145,61,84,65,463,174,567,127,215,4048,4092,4092,4092
1619,171,225,716,1097,916,797,246,578,574,168,29,112,151,61,82,64,475,170,568,128,195,4047,4092,4092,4092
1633,171,225,719,1103,914,800,244,576,562,167,29,111,153,61,83,65,481,170,553,126,179,4047,4092,4092,4092
1647,171,225,722,1106,909,787,248,566,574,165,29,106,147,59,80,62,480,170,551,127,167,4047,4092,4092,4092
1661,171,225,720,1104,908,803,248,571,579,161,29,111,153,60,84,64,484,171,549,126,159,4046,4092,4092,4092
1675,171,225,734,1112,904,803,248,564,567,165,29,110,150,62,83,65,492,167,543,125,156,4046,4092,4092,4092
1688,170,225,748,1125,919,818,245,561,566,163,29,108,147,61,83,64,489,171,547,124,151,4046,4092,4092,4092
1702,170,225,747,1120,920,815,250,581,573,166,29,110,149,62,83,64,495,169,556,127,144,4045,4092,4092,4092
1716,170,224,748,1107,923,814,248,563,582,165,29,113,156,61,84,65,497,169,573,128,142,4045,4092,4092,4092
1730,170,225,755,1121,943,831,248,587,577,167,29,110,149,63,85,65,483,170,590,132,138,4045,4092,4092,4092
1744,170,224,757,1132,942,808,246,580,584,159,28,108,147,60,82,63,491,171,555,128,137,4045,4092,4092,4092
1758,170,224,763,1123,953,813,249,574,566,163,29,112,150,61,83,64,488,168,570,126,136,4044,4092,4092,4092
1771,170,224,763,1130,966,834,248,579,580,165,29,114,148,62,84,64,488,169,582,126,136,4044,4092,4092,4092
1785,170,224,769,1122,958,836,248,581,580,165,29,110,148,60,83,64,482,170,566,128,137,4044,4092,4092,4092
1799,167,219,776,1116,942,839,249,584,553,154,28,105,137,57,79,62,458,165,574,128,136,4044,4092,4092,4092
1813,169,221,776,1117,925,828,248,584,551,157,27,102,139,58,78,63,469,167,563,127,136,4044,4092,4092,4092
1827,169,223,779,1129,932,835,249,572,558,162,27,106,143,57,78,62,465,167,573,129,136,4044,4092,4092,4092
1841,169,223,786,1128,972,819,247,578,564,155,27,102,132,54,75,57,467,170,565,126,136,4043,4092,4092,4092
1855,170,223,784,1138,948,849,250,571,581,171,29,111,148,62,84,64,482,167,559,130,137,4044,4092,4092,4092
1868,170,223,778,1150,944,832,249,564,587,172,29,116,151,63,84,65,491,171,581,128,137,4043,4092,4092,4092
1882,170,223,776,1148,935,830,246,567,569,165,29,112,148,60,82,63,489,167,565,127,138,4043,4092,4092,4092
1896,170,223,778,1164,926,825,247,569,590,169,30,116,150,61,84,65,492,170,564,128,138,4043,4092,4092,4092
1910,170,223,779,1164,939,828,248,575,580,168,29,110,153,62,83,65,489,171,570,126,136,4043,4092,4092,4092
1924,170,223,776,1154,947,812,248,569,579,166,29,113,149,62,82,65,481,171,584,125,137,4043,4092,4092,4092
1938,170,223,773,1148,952,807,245,568,591,167,30,115,152,62,84,66,471,168,557,126,139,4043,4092,4092,4092
1951,170,223,776,1142,926,803,246,559,588,180,31,123,141,55,73,56,472,170,554,130,138,4043,4092,4092,4092
0,137,278,3879,4032,4072,4083,4084,4081,4039,4033,4029,4029,4029,4032,4032,4023,4088,4087,4090,4090,4089,4087,4086,4091,4085
13,135,236,3811,4007,4061,4080,4083,4081,4034,4028,4022,4020,4021,4024,4026,4018,4087,4087,4090,4090,4089,4087,4086,4091,4089
27,140,244,2374,3926,4035,4072,4080,4080,4026,4016,4011,4013,4016,4019,4020,4011,4086,4086,4089,4088,4087,4087,4086,4092,4092
41,143,246,947,3701,3949,4047,4068,4073,4017,4005,4000,4006,4007,4007,4009,4005,4086,4084,4089,4088,4087,4087,4088,4092,4093
55,145,247,779,1172,3431,3976,4034,4067,3976,3984,3988,3992,3990,3992,3996,3984,4083,4085,4089,4089,4089,4090,4091,4093,4092
69,148,247,565,875,994,1739,3166,4023,3918,3918,3933,3921,3930,3828,3907,3919,4082,4085,4089,4089,4090,4091,4092,4093,4093
83,149,250,528,980,680,966,782,3572,3692,3727,3646,3757,3763,3776,3784,3776,4081,4082,4090,4091,4092,4092,4093,4093,4092
96,150,250,500,677,720,795,349,612,1256,2235,3226,3258,3426,3419,3398,3307,4068,4083,4090,4092,4092,4093,4092,4093,4093
110,151,247,484,647,612,757,296,664,659,299,510,1987,2430,2681,2681,2687,4066,4085,4091,4092,4093,4093,4093,4093,4093
124,152,246,531,711,588,1099,393,643,612,175,214,251,352,1982,1961,2279,4054,4083,4091,4093,4092,4093,4093,4093,4092
138,154,244,500,671,625,636,368,610,573,181,83,179,426,393,1511,2673,4040,4082,4092,4093,4092,4093,4093,4093,4093
152,155,243,500,617,585,655,326,519,554,162,49,139,183,100,172,118,3785,4067,4091,4093,4092,4092,4093,4093,4093
166,157,241,473,617,605,690,298,536,634,192,52,114,149,105,112,91,1375,3928,4088,4092,4092,4092,4092,4092,4092
179,160,239,515,602,670,568,294,498,505,172,56,121,139,88,96,81,401,333,4038,4092,4092,4092,4092,4092,4092
193,162,237,488,616,574,605,302,482,494,136,38,100,134,73,118,73,443,203,4009,4092,4092,4092,4092,4092,4092
207,163,236,520,642,552,592,270,513,492,142,52,113,157,71,94,89,620,168,3899,4089,4092,4092,4092,4093,4092
221,164,236,515,637,571,579,300,532,513,152,55,104,135,64,90,66,486,179,729,4050,4092,4092,4092,4092,4092
235,165,235,519,628,601,564,261,480,458,139,35,99,124,72,101,73,391,168,570,4041,4092,4092,4092,4092,4092
249,166,235,535,646,577,542,283,498,503,142,37,107,126,70,90,67,444,185,554,4023,4092,4092,4092,4092,4092
263,166,236,545,622,564,562,248,485,492,158,36,102,134,75,92,70,434,178,540,3963,4091,4092,4092,4092,4092
276,167,236,539,632,659,572,253,585,476,143,34,114,129,79,104,73,434,196,535,3757,4089,4092,4092,4092,4092
290,167,237,526,635,566,562,255,506,498,134,56,95,135,75,88,71,414,204,488,2243,4070,4092,4092,4092,4092
304,168,238,540,653,578,592,247,459,491,148,36,99,125,72,97,69,408,257,498,205,4047,4092,4092,4092,4092
318,169,238,542,640,576,577,252,456,465,139,42,100,127,72,89,67,435,240,513,144,4042,4092,4092,4092,4092
332,170,240,541,663,611,550,290,442,503,143,35,108,136,72,92,70,439,226,541,232,4039,4092,4092,4092,4092
346,170,240,544,661,623,570,241,505,479,134,35,100,129,69,88,70,427,222,543,160,4031,4092,4092,4092,4092
359,171,240,537,687,624,586,240,491,491,138,37,102,143,73,91,71,375,196,526,160,4021,4092,4092,4092,4092
373,172,240,550,677,590,619,243,495,513,143,36,103,148,71,89,69,403,214,518,142,4004,4092,4092,4092,4092
387,172,240,554,695,629,607,241,476,498,143,35,102,137,72,88,67,397,193,493,152,3967,4092,4092,4092,4092
401,173,241,550,701,652,599,240,482,474,140,33,101,123,70,87,69,412,196,510,159,3844,4090,4092,4092,4092
415,173,241,568,689,644,586,252,522,496,139,39,99,126,69,86,66,404,194,509,148,3714,4088,4092,4092,4092
429,173,241,582,695,662,620,248,534,498,147,35,100,122,71,87,66,390,180,486,155,3620,4087,4092,4092,4092
443,173,242,554,705,660,595,243,499,504,139,35,102,130,76,95,66,397,190,530,171,1204,4060,4092,4092,4092
456,174,241,525,706,662,607,244,497,503,142,35,98,126,69,87,63,412,218,499,161,316,4050,4092,4092,4092
470,174,241,566,708,651,616,239,513,504,141,35,103,126,66,91,68,392,183,500,155,233,4049,4092,4092,4092
484,174,242,615,711,679,620,271,490,509,136,34,105,131,72,87,67,404,176,478,155,157,4046,4092,4092,4092
498,174,242,617,713,674,649,245,491,533,145,34,98,130,69,86,66,414,176,479,151,168,4046,4092,4092,4092
512,174,242,618,706,699,641,254,500,511,136,35,97,126,66,85,66,397,189,529,167,170,4045,4092,4092,4092
526,175,242,624,732,677,673,246,509,517,148,33,100,129,67,89,66,406,187,504,164,159,4043,4092,4092,4092
539,175,242,612,741,692,652,244,510,517,139,32,100,128,65,88,67,420,182,477,150,172,4042,4092,4092,4092
553,175,242,604,743,696,649,246,503,525,142,33,103,129,64,88,66,410,191,512,153,170,4041,4092,4092,4092
567,175,242,610,746,707,639,244,506,521,155,39,98,128,64,90,66,418,178,505,148,179,4038,4092,4092,4092
581,175,242,615,759,700,638,246,519,526,142,32,100,137,66,86,65,415,181,497,154,161,4035,4092,4092,4092
595,175,242,606,749,704,660,245,520,534,143,32,100,135,74,88,64,459,174,500,148,154,4032,4092,4092,4092
609,175,242,607,761,694,681,245,525,527,148,33,99,138,66,87,66,398,192,537,160,157,4028,4092,4092,4092
622,175,242,608,755,718,687,246,540,524,147,32,103,135,68,84,67,419,185,509,151,162,4022,4092,4092,4092
636,175,242,611,765,687,689,247,531,523,151,32,103,137,65,85,66,415,183,520,162,158,4016,4092,4092,4092
650,176,243,612,770,716,700,252,551,536,145,32,102,142,63,84,65,406,174,511,151,157,4007,4092,4092,4092
664,176,242,626,764,749,708,254,535,528,151,33,102,136,65,84,66,420,170,494,162,161,3996,4092,4092,4092
678,176,243,614,765,712,730,252,542,532,152,32,102,135,64,83,66,417,173,496,146,157,3980,4092,4092,4092
692,176,243,593,779,736,707,252,540,539,154,31,104,136,64,85,64,439,175,499,152,160,3958,4091,4092,4092
706,176,243,615,783,757,713,251,547,534,154,31,106,137,67,87,64,408,176,504,150,162,3930,4091,4092,4092
719,176,243,614,804,743,742,250,557,546,151,32,104,131,66,82,66,419,184,511,151,162,3894,4091,4092,4092
733,176,243,621,792,721,727,255,581,550,156,31,106,130,64,83,63,424,173,513,144,163,3859,4090,4092,4092
747,177,242,642,804,756,750,248,569,555,155,33,114,146,67,82,63,404,174,508,140,161,3803,4089,4092,4092
761,176,242,651,810,758,731,248,580,551,146,30,101,135,66,83,64,418,174,498,148,155,3737,4088,4092,4092
775,176,243,663,823,772,748,254,570,555,150,30,104,132,64,80,63,423,179,502,141,180,3665,4087,4092,4092
789,175,243,671,843,783,750,253,573,569,152,30,102,133,63,79,62,428,168,512,141,165,3703,4088,4092,4092
802,171,243,664,847,767,719,252,572,607,161,31,107,142,68,87,68,429,173,521,139,152,3525,4085,4092,4092
816,167,243,666,835,751,729,253,571,587,163,31,108,141,64,83,65,416,177,512,143,147,3118,4080,4092,4092
830,165,242,657,832,781,714,251,574,582,161,31,107,139,66,86,65,418,169,489,148,154,1943,4066,4092,4092
844,165,242,671,844,759,723,253,555,585,158,30,106,148,64,86,66,411,171,515,141,154,930,4056,4092,4092
858,166,242,672,851,764,718,252,560,587,161,31,105,142,66,86,66,422,169,515,146,147,573,4052,4092,4092
872,166,242,683,843,765,720,254,565,585,159,31,107,149,63,86,66,399,169,503,141,147,375,4050,4092,4092
886,166,242,683,853,739,726,254,562,595,164,30,108,141,65,84,66,422,169,493,151,147,279,4048,4092,4092
899,166,242,685,849,773,745,248,564,577,177,30,111,148,64,83,64,417,171,505,142,161,221,4047,4092,4092
913,165,242,700,849,772,730,249,579,574,171,31,109,148,69,86,66,408,169,519,145,161,198,4047,4092,4092
927,165,242,704,854,747,711,250,564,591,166,31,111,146,68,85,66,418,173,502,135,150,189,4047,4092,4092
941,165,242,700,847,761,735,248,566,586,165,31,116,149,66,87,67,406,172,504,137,148,189,4046,4092,4092
955,165,241,697,859,762,741,248,561,603,168,31,114,153,66,89,66,419,172,503,143,152,185,4046,4092,4092
969,165,241,706,867,737,723,248,582,596,168,30,111,154,67,88,67,419,174,511,136,147,187,4046,4092,4092
982,165,241,716,873,737,714,249,562,598,167,31,113,151,66,89,67,432,173,504,140,145,184,4046,4092,4092
996,165,242,717,870,790,728,254,570,576,168,31,113,160,66,88,67,437,173,508,136,145,188,4046,4092,4092
1010,165,241,722,871,784,702,249,555,589,171,31,115,151,65,86,68,437,175,504,138,146,184,4046,4092,4092
1024,165,241,716,887,808,707,254,575,581,177,32,117,151,66,88,66,418,168,495,136,146,184,4045,4092,4092
1038,165,241,721,900,785,722,250,578,589,169,31,117,155,69,88,68,446,170,497,141,147,185,4045,4092,4092
1052,165,241,725,904,761,705,249,540,571,164,31,117,153,65,88,66,431,169,506,144,145,182,4045,4092,4092
1066,165,241,728,908,786,706,249,576,581,170,31,116,162,67,88,67,437,169,520,142,146,182,4044,4092,4092
1079,165,241,729,907,768,715,243,573,575,173,31,117,165,66,88,68,431,166,511,141,144,182,4044,4092,4092
1093,165,241,743,900,771,699,248,565,605,171,32,114,160,67,87,68,424,163,499,139,147,187,4044,4092,4092
1107,165,241,736,889,781,695,247,562,584,169,32,115,154,64,87,68,431,167,514,140,145,181,4044,4092,4092
1121,165,241,727,891,777,730,248,537,572,165,30,113,153,68,89,67,429,164,505,138,148,184,4044,4092,4092
1135,165,241,737,880,775,683,252,539,578,171,32,119,150,66,90,68,433,162,504,138,148,181,4043,4092,4092
1149,165,241,740,890,783,722,246,532,584,171,31,114,165,70,90,70,439,164,516,139,146,180,4043,4092,4092
1162,165,241,751,893,788,700,245,545,573,172,32,112,164,67,88,68,442,166,513,141,147,180,4043,4092,4092
1176,165,241,751,897,759,689,249,530,562,173,32,116,158,67,89,70,444,168,525,137,147,182,4043,4092,4092
1190,165,240,755,916,773,713,245,540,543,171,31,118,155,67,90,68,447,170,517,138,146,185,4042,4092,4092
1204,165,240,757,929,761,692,242,510,563,176,31,114,159,68,89,68,449,165,507,141,146,180,4042,4092,4092
1218,165,241,752,926,762,691,242,535,554,169,31,115,160,67,90,68,441,164,538,139,145,178,4042,4092,4092
1232,165,241,750,923,774,698,246,522,579,165,31,120,158,67,90,69,459,167,510,136,148,182,4042,4092,4092
1245,165,241,746,926,773,680,242,525,563,167,31,113,163,66,89,68,436,161,524,132,143,181,4041,4092,4092
1259,165,240,742,924,774,693,245,524,548,165,32,115,154,67,90,69,448,166,531,138,153,179,4041,4092,4092
1273,165,240,741,927,773,689,243,533,550,166,32,121,153,66,90,70,458,166,535,132,149,182,4041,4092,4092
1287,165,240,738,919,773,696,240,530,543,174,32,118,160,65,88,68,451,165,520,137,149,184,4041,4092,4092
1301,165,240,714,923,773,689,248,522,528,168,32,123,152,67,90,69,453,166,513,135,150,182,4040,4092,4092
1315,165,240,718,922,767,693,247,519,542,160,32,117,165,69,90,68,459,162,547,138,148,184,4040,4092,4092
1329,165,240,713,931,775,698,246,510,544,159,32,115,156,70,89,70,430,165,515,136,144,196,4040,4092,4092
1342,165,240,715,939,776,691,247,516,553,161,32,118,159,68,89,69,455,165,527,137,145,186,4040,4092,4092
1356,165,240,727,941,792,673,245,517,547,164,32,117,163,69,90,69,451,163,532,138,147,182,4040,4092,4092
1370,165,240,717,944,782,678,241,517,551,156,32,114,161,68,89,68,476,164,534,136,146,180,4040,4092,4092
1384,165,240,730,952,787,690,248,519,536,162,32,111,163,66,90,70,474,165,522,136,146,187,4039,4092,4092
1398,165,240,742,968,797,704,247,523,547,166,32,113,160,67,90,68,473,165,528,133,148,181,4039,4092,4092
1412,165,239,743,971,810,694,247,522,556,161,33,110,154,69,90,69,468,164,511,143,140,185,4039,4092,4092
1425,165,239,750,990,809,685,244,525,541,158,33,110,154,69,90,69,484,164,513,132,145,182,4038,4092,4092
1439,165,240,750,986,784,681,247,529,541,159,32,114,153,69,90,69,464,164,535,130,142,181,4038,4092,4092
1453,165,240,760,986,802,684,243,520,552,160,33,111,156,69,89,69,461,163,525,133,143,182,4038,4092,4092
1467,165,240,747,983,784,697,248,529,542,155,33,115,161,67,91,68,468,167,537,134,143,181,4038,4092,4092
1481,165,240,747,981,799,698,243,547,548,160,34,113,158,68,89,71,469,162,538,139,142,179,4037,4092,4092
1495,165,240,748,973,778,690,248,548,539,157,33,113,158,66,93,69,470,163,537,138,147,181,4037,4092,4092
1509,165,240,755,979,768,695,243,534,553,158,34,108,153,67,89,67,461,162,528,135,148,186,4037,4092,4092
1522,165,240,765,993,798,701,242,538,561,157,33,112,149,66,90,69,452,162,535,133,142,182,4037,4092,4092
1536,165,240,769,994,781,692,241,515,563,154,33,108,149,67,89,68,468,160,525,132,149,181,4036,4092,4092
1550,165,240,752,996,784,682,248,523,552,163,32,111,151,67,92,69,452,162,542,132,146,181,4036,4092,4092
1564,165,240,753,987,787,699,250,538,541,160,33,111,152,67,90,68,456,162,530,135,143,184,4036,4092,4092
1578,165,240,769,983,782,693,248,531,544,158,32,111,152,68,90,69,457,161,528,135,143,182,4036,4092,4092
1592,165,240,783,991,796,695,243,532,558,161,33,111,153,67,89,69,489,162,547,133,141,183,4035,4092,4092
1605,165,240,770,1000,776,687,248,530,549,161,33,113,156,66,88,67,458,160,552,136,145,181,4035,4092,4092
1619,165,240,772,985,788,698,245,536,541,162,33,113,152,67,89,69,478,159,542,134,143,182,4035,4092,4092
1633,165,240,762,992,793,696,243,506,543,155,33,109,153,66,89,69,470,164,544,131,145,182,4035,4092,4092
1647,165,240,755,996,805,715,246,514,561,157,33,109,152,67,89,67,472,159,545,140,145,184,4034,4092,4092
1661,165,240,766,999,783,697,249,520,550,159,33,111,147,66,87,66,458,159,543,130,141,184,4034,4092,4092
1675,166,240,780,996,783,707,248,529,548,165,32,112,154,66,88,69,471,164,567,132,142,180,4034,4092,4092
1688,166,240,778,994,800,722,247,536,550,157,33,113,146,68,89,70,461,160,553,134,150,181,4034,4092,4092
1702,166,240,775,1000,791,694,241,525,561,158,33,109,149,66,89,69,446,163,543,128,141,183,4033,4092,4092
1716,166,240,765,1006,785,691,243,530,543,163,34,114,149,69,89,68,458,163,552,134,146,185,4033,4092,4092
1730,166,240,770,1000,797,692,248,528,546,163,33,109,150,69,89,69,448,164,549,129,141,178,4033,4092,4092
1744,166,240,766,1011,813,700,244,539,558,161,33,113,151,66,90,70,451,164,549,129,142,181,4033,4092,4092
1758,166,240,777,1013,822,685,249,539,545,165,33,109,151,66,90,69,459,163,554,129,143,182,4032,4092,4092
1772,166,240,766,1019,806,696,245,537,567,162,33,113,148,68,90,69,451,162,552,132,141,184,4032,4092,4092
1785,166,240,770,1030,817,698,244,530,555,160,33,116,148,70,91,71,444,166,530,130,140,181,4032,4092,4092
1799,166,240,760,1026,818,711,246,533,556,160,33,109,152,70,90,70,452,167,568,130,138,182,4032,4092,4092
1813,166,240,752,1033,824,718,245,533,559,159,33,111,152,69,91,69,466,165,541,129,142,182,4031,4092,4092
1827,166,240,770,1028,811,689,251,516,567,164,33,116,155,69,90,70,460,160,519,129,142,183,4031,4092,4092
1841,166,240,772,1034,819,684,247,523,565,164,34,114,156,67,89,71,452,165,530,131,142,182,4030,4092,4092
1855,166,240,770,1037,816,703,246,538,559,162,33,108,154,70,92,70,451,160,540,128,145,179,4030,4092,4092
1868,166,239,767,1039,824,715,245,531,561,165,34,113,148,70,90,70,444,161,541,130,144,181,4030,4092,4092
1882,166,239,767,1046,845,722,245,521,558,162,33,111,154,70,91,71,437,165,546,133,140,181,4030,4092,4092
1896,166,239,766,1033,831,709,244,535,559,168,33,114,158,71,92,70,458,162,559,131,143,183,4030,4092,4092
1910,166,238,776,1034,836,714,245,526,562,159,33,115,160,71,91,70,447,163,545,132,141,180,4029,4092,4092
1924,166,238,774,1033,838,693,247,526,547,170,33,114,156,70,92,71,454,163,542,132,141,182,4029,4092,4092
1938,166,238,777,1041,820,700,249,528,554,162,33,115,154,68,92,71,459,161,543,134,144,181,4029,4092,4092
1952,166,238,784,1049,823,709,247,527,550,165,33,113,153,69,92,71,442,161,555,134,142,179,4029,4092,4092
1965,166,238,776,1042,847,707,249,529,555,160,34,113,154,70,92,68,455,163,540,134,143,178,4028,4092,4092
1979,166,238,786,1046,844,712,250,539,552,167,33,112,157,69,92,71,422,165,549,133,146,182,4028,4092,4092
1993,166,238,794,1044,837,699,249,524,552,162,34,109,148,71,92,71,429,163,544,131,143,179,4028,4092,4092
2007,166,237,792,1063,829,703,251,535,566,164,34,114,155,71,91,71,435,165,548,128,142,180,4028,4092,4092
2021,166,237,798,1052,822,702,253,531,554,164,33,113,156,70,91,71,447,179,545,128,146,182,4027,4092,4092
2035,166,237,802,1044,810,705,250,528,558,161,34,115,155,70,91,72,435,169,556,131,142,182,4027,4092,4092
2048,166,237,812,1056,824,681,245,516,553,164,33,115,156,70,92,73,445,167,560,130,139,180,4027,4092,4092
2062,166,236,803,1058,851,694,247,536,556,161,33,113,152,71,90,72,438,163,546,128,142,181,4027,4092,4092
2076,166,236,807,1067,849,687,249,518,560,167,34,116,153,71,91,70,452,165,545,128,143,180,4026,4092,4092
2090,166,236,813,1056,834,707,248,531,561,172,34,112,155,73,93,72,438,164,522,129,140,182,4026,4092,4092
2104,166,236,827,1069,827,706,244,528,571,175,35,119,156,75,90,68,445,167,541,134,142,179,4028,4092,4092
