
DMR Smart Settling


Timestamp, LDR1, LDR2, LDR3, LDR4, LDR5, LDR6, LDR7, LDR8, LDR9, LDR10, LDR11, LDR12, LDR13, LDR14, LDR15, LDR16, LDR17, LDR18, LDR19, LDR20, LDR21, LDR22, LDR23, LDR24, LDR25

0,283,4037,4092,4092,4092,4092,4092,4088,4085,4084,4085,4085,4085,4086,4086,4085,4092,4093,4092,4092,4092,4093,4092,4093,4093
13,190,4026,4092,4092,4092,4092,4092,4090,4089,4089,4089,4089,4089,4089,4089,4089,4092,4093,4092,4093,4093,4093,4093,4093,4092
27,176,4008,4091,4092,4092,4092,4092,4091,4091,4090,4090,4090,4090,4090,4090,4090,4092,4092,4092,4093,4092,4093,4092,4093,4092
41,161,3989,4089,4092,4092,4092,4092,4091,4091,4091,4091,4091,4091,4091,4091,4090,4092,4092,4093,4093,4093,4093,4093,4093,4092
55,150,3972,4087,4092,4092,4092,4092,4091,4091,4091,4091,4091,4091,4091,4091,4091,4092,4093,4093,4093,4092,4093,4092,4093,4092
69,148,3951,4085,4092,4092,4092,4092,4092,4092,4091,4091,4091,4091,4091,4091,4091,4092,4093,4092,4093,4092,4093,4093,4093,4093
83,147,3783,4080,4092,4092,4092,4092,4091,4092,4091,4091,4091,4092,4091,4091,4091,4092,4093,4092,4093,4093,4093,4093,4093,4092
96,150,1284,4049,4092,4092,4092,4092,4092,4092,4091,4091,4091,4091,4091,4092,4091,4092,4092,4092,4093,4092,4092,4093,4093,4093
110,153,1047,4040,4092,4092,4092,4092,4092,4092,4091,4091,4091,4092,4091,4091,4091,4092,4092,4093,4093,4093,4093,4093,4093,4092
124,157,992,4030,4092,4093,4092,4092,4092,4092,4091,4091,4091,4091,4091,4091,4091,4092,4092,4093,4093,4093,4093,4093,4093,4092
138,162,991,4018,4092,4092,4092,4092,4092,4092,4091,4091,4091,4091,4092,4092,4091,4092,4092,4093,4093,4092,4093,4093,4093,4092
152,163,963,3999,4091,4092,4092,4092,4092,4092,4092,4091,4091,4091,4092,4091,4091,4092,4092,4093,4093,4092,4093,4093,4093,4093
166,162,975,3977,4089,4092,4092,4092,4092,4092,4091,4091,4091,4091,4091,4091,4091,4092,4092,4092,4093,4093,4093,4092,4093,4092
179,160,1013,3942,4088,4092,4092,4092,4092,4092,4091,4091,4091,4091,4091,4091,4091,4093,4093,4093,4093,4092,4093,4093,4093,4092
193,162,1092,3904,4085,4092,4092,4092,4092,4092,4092,4091,4091,4091,4091,4092,4091,4092,4092,4093,4093,4092,4092,4093,4092,4092
207,164,1177,2919,4069,4092,4092,4092,4092,4092,4091,4091,4091,4091,4091,4091,4091,4092,4093,4092,4093,4093,4093,4092,4093,4093
221,166,1237,824,4043,4092,4092,4092,4092,4092,4091,4091,4091,4091,4091,4091,4091,4092,4093,4092,4093,4092,4092,4093,4093,4092
235,167,1298,679,4030,4092,4092,4092,4092,4092,4091,4091,4091,4091,4091,4092,4091,4092,4092,4092,4092,4093,4093,4092,4093,4093
249,167,1323,564,4012,4092,4092,4092,4092,4092,4091,4091,4091,4091,4091,4091,4091,4092,4093,4092,4093,4092,4093,4093,4093,4093
263,167,1364,530,3986,4092,4092,4092,4092,4092,4091,4091,4091,4091,4091,4091,4091,4092,4093,4093,4092,4092,4093,4092,4093,4093
276,166,1388,562,3953,4090,4092,4092,4092,4092,4091,4091,4091,4091,4091,4091,4091,4092,4093,4093,4093,4092,4093,4093,4093,4092
290,168,1459,569,3898,4087,4092,4092,4092,4092,4091,4091,4091,4091,4091,4091,4091,4092,4093,4093,4093,4093,4093,4092,4093,4092
304,169,1481,608,3810,4081,4092,4092,4092,4091,4091,4091,4091,4091,4091,4091,4091,4092,4092,4093,4093,4093,4093,4093,4093,4092
318,170,1505,665,860,4038,4092,4092,4092,4091,4091,4091,4091,4091,4091,4091,4091,4092,4093,4092,4093,4092,4093,4093,4093,4092
332,170,1515,687,1361,4033,4092,4092,4092,4092,4091,4091,4091,4091,4091,4091,4091,4092,4093,4092,4092,4093,4093,4093,4093,4092
346,171,1565,712,1169,4011,4092,4092,4092,4092,4091,4091,4091,4091,4091,4091,4091,4092,4092,4093,4093,4092,4093,4092,4093,4093
359,171,1510,764,813,3971,4091,4092,4092,4091,4091,4091,4091,4091,4091,4091,4091,4092,4092,4093,4093,4092,4093,4093,4093,4093
373,172,1519,800,735,3900,4089,4092,4092,4092,4091,4091,4091,4091,4091,4091,4091,4092,4092,4092,4093,4093,4092,4093,4093,4093
387,172,1574,833,777,3784,4085,4092,4092,4092,4091,4091,4091,4091,4091,4091,4091,4092,4092,4093,4093,4093,4093,4093,4093,4093
401,172,1597,806,896,3687,4081,4092,4092,4091,4091,4091,4091,4091,4091,4091,4091,4092,4093,4092,4093,4092,4093,4093,4093,4092
415,173,1645,808,939,985,4045,4092,4092,4091,4091,4091,4091,4091,4091,4091,4091,4092,4092,4093,4093,4093,4093,4092,4093,4092
429,173,1616,812,957,1315,4039,4092,4092,4091,4091,4091,4091,4091,4091,4091,4091,4092,4093,4092,4093,4093,4093,4092,4093,4093
442,174,1634,887,1031,1148,4022,4092,4092,4091,4091,4091,4091,4091,4091,4091,4091,4092,4093,4092,4092,4092,4093,4093,4093,4092
456,174,1646,877,1086,767,3989,4091,4092,4091,4091,4091,4090,4091,4091,4091,4090,4092,4093,4092,4093,4092,4092,4093,4093,4093
470,177,1671,944,1089,872,3934,4089,4092,4091,4090,4090,4090,4090,4091,4090,4090,4092,4092,4093,4093,4092,4093,4092,4093,4093
484,173,1651,957,1072,933,3833,4086,4091,4091,4090,4090,4090,4090,4090,4090,4090,4092,4092,4092,4093,4092,4093,4093,4093,4092
498,174,1689,994,1135,912,3765,4083,4091,4090,4090,4090,4090,4090,4090,4090,4090,4092,4092,4092,4093,4093,4093,4093,4093,4092
512,174,1695,1018,1108,969,930,4045,4091,4091,4090,4090,4090,4090,4090,4090,4090,4092,4092,4092,4093,4093,4093,4093,4093,4092
525,177,1726,1050,1147,1048,1487,4039,4091,4091,4091,4090,4090,4091,4091,4091,4090,4092,4092,4093,4093,4092,4093,4093,4093,4093
539,177,1719,1018,1250,1086,1099,4016,4090,4091,4091,4091,4091,4091,4091,4091,4090,4093,4093,4092,4093,4092,4092,4093,4093,4092
553,178,1731,1051,1276,1073,824,3969,4089,4091,4091,4091,4090,4091,4091,4091,4090,4092,4093,4093,4093,4093,4093,4093,4093,4093
567,178,1781,1023,1266,1107,978,3891,4086,4091,4090,4090,4090,4090,4090,4090,4090,4092,4092,4092,4092,4092,4092,4093,4093,4092
581,178,1738,1101,1305,1066,918,3788,4083,4091,4090,4090,4090,4090,4090,4090,4090,4092,4092,4092,4093,4093,4092,4093,4093,4092
595,179,1747,1073,1312,1089,990,3673,4078,4091,4090,4090,4090,4090,4090,4090,4090,4092,4092,4093,4093,4092,4093,4093,4093,4092
609,179,1761,1082,1352,1067,870,510,4038,4090,4090,4090,4090,4090,4090,4090,4090,4092,4092,4092,4093,4093,4092,4092,4093,4092
622,179,1749,1153,1306,1094,953,280,4025,4089,4089,4089,4089,4089,4089,4089,4089,4092,4093,4092,4093,4092,4093,4093,4093,4092
636,179,1755,1138,1363,1140,990,275,4011,4088,4088,4088,4088,4088,4088,4088,4088,4092,4092,4092,4092,4093,4093,4092,4093,4092
650,180,1781,1164,1436,1126,998,280,3988,4086,4086,4086,4086,4086,4086,4086,4085,4092,4093,4092,4093,4093,4093,4093,4093,4093
664,180,1782,1222,1396,1150,968,274,3932,4083,4084,4084,4083,4084,4084,4084,4083,4092,4093,4093,4093,4093,4093,4093,4093,4093
678,181,1784,1205,1273,1135,1011,270,3861,4079,4080,4080,4080,4080,4080,4080,4080,4092,4092,4092,4092,4093,4093,4093,4093,4093
692,181,1799,1184,1376,1096,951,279,3817,4075,4077,4076,4076,4076,4076,4076,4075,4092,4092,4092,4093,4093,4093,4093,4093,4092
705,181,1801,1207,1466,1237,1062,279,1280,4039,4069,4069,4068,4068,4068,4067,4067,4092,4092,4092,4092,4092,4092,4093,4093,4092
719,181,1808,1242,1536,1210,1083,276,884,4023,4056,4056,4055,4055,4054,4053,4052,4092,4092,4093,4093,4092,4093,4093,4093,4092
733,181,1793,1217,1508,1224,1112,277,945,4003,4035,4034,4033,4032,4031,4030,4028,4092,4092,4093,4093,4092,4093,4093,4093,4092
747,182,1791,1286,1476,1202,1041,279,913,3968,3999,3997,3996,3994,3993,3991,3988,4092,4093,4092,4093,4093,4092,4093,4093,4092
761,182,1801,1280,1536,1184,1054,274,893,3907,3935,3931,3929,3925,3920,3915,3911,4091,4092,4092,4093,4093,4093,4093,4093,4092
775,182,1822,1279,1564,1293,1175,279,888,3798,3824,3821,3816,3811,3807,3802,3797,4089,4092,4092,4093,4093,4093,4093,4093,4092
788,183,1813,1274,1574,1289,1179,278,843,3678,3703,3700,3697,3693,3689,3685,3682,4088,4092,4093,4093,4093,4093,4093,4093,4092
802,183,1836,1214,1586,1331,1174,280,864,3599,3634,3635,3635,3634,3632,3631,3630,4087,4092,4092,4093,4092,4093,4092,4093,4092
816,183,1846,1246,1620,1380,1209,281,825,1668,3423,3589,3602,3608,3611,3614,3616,4087,4092,4092,4093,4092,4093,4093,4093,4092
830,183,1851,1279,1560,1566,1241,287,800,1331,3390,3592,3606,3610,3612,3612,3612,4087,4092,4093,4093,4092,4093,4093,4093,4093
844,183,1861,1299,1625,1534,1254,280,795,1378,3374,3576,3590,3595,3598,3599,3600,4087,4092,4092,4093,4093,4092,4092,4093,4092
858,183,1874,1264,1632,1612,1298,285,782,1308,3359,3572,3586,3592,3595,3596,3597,4087,4092,4092,4093,4092,4093,4093,4093,4092
871,183,1865,1291,1614,1480,1265,289,791,1335,3344,3564,3580,3586,3588,3589,3590,4087,4092,4092,4093,4093,4093,4093,4093,4092
885,183,1861,1271,1629,1589,1304,288,790,1084,3291,3548,3566,3571,3574,3575,3575,4086,4092,4093,4092,4093,4093,4093,4093,4092
899,183,1861,1320,1633,1628,1327,292,744,1150,3239,3522,3541,3545,3547,3548,3548,4086,4092,4092,4093,4092,4092,4093,4093,4092
913,184,1877,1247,1646,1567,1401,287,814,1104,2949,3456,3505,3511,3514,3515,3515,4086,4092,4092,4093,4092,4093,4093,4093,4092
927,184,1880,1244,1665,1619,1399,287,817,1124,2473,3385,3474,3482,3485,3486,3486,4085,4093,4092,4093,4093,4093,4093,4093,4092
941,184,1849,1313,1655,1649,1277,291,845,1053,416,3274,3461,3472,3475,3477,3478,4085,4092,4092,4093,4093,4093,4093,4093,4093
955,184,1883,1337,1700,1611,1252,293,876,1051,385,3272,3447,3456,3459,3460,3461,4085,4093,4092,4093,4093,4093,4093,4093,4092
968,184,1902,1329,1646,1632,1381,294,907,1018,678,3274,3439,3449,3452,3454,3454,4085,4093,4092,4093,4093,4093,4093,4093,4092
982,184,1893,1301,1697,1598,1448,291,910,1074,653,3258,3431,3441,3444,3446,3446,4085,4092,4093,4093,4092,4093,4093,4093,4093
996,184,1905,1271,1720,1602,1269,296,897,1089,655,3239,3422,3432,3434,3436,3436,4084,4093,4093,4093,4092,4093,4092,4093,4093
1010,184,1905,1305,1672,1680,1318,292,881,1078,596,3193,3401,3411,3414,3414,3414,4084,4092,4092,4093,4093,4093,4092,4093,4092
1024,184,1902,1313,1711,1687,1279,293,901,1149,516,3123,3367,3378,3379,3379,3378,4084,4092,4093,4093,4092,4092,4093,4093,4093
1038,184,1905,1326,1745,1680,1396,294,922,1138,453,3021,3317,3333,3335,3335,3333,4083,4093,4093,4093,4092,4092,4093,4093,4092
1051,184,1920,1324,1738,1715,1456,294,966,1152,421,2777,3252,3293,3297,3298,3298,4083,4092,4093,4093,4092,4092,4092,4093,4093
1065,184,1932,1312,1715,1643,1426,291,952,1155,402,2397,3201,3270,3275,3276,3276,4082,4092,4092,4093,4093,4093,4093,4093,4092
1079,184,1948,1343,1701,1707,1418,294,971,1109,412,178,3077,3246,3253,3255,3254,4082,4092,4092,4093,4092,4093,4093,4093,4093
1093,184,1941,1332,1702,1689,1377,293,969,1186,428,53,3055,3234,3241,3243,3244,4082,4093,4093,4093,4093,4093,4093,4093,4093
1107,184,1955,1369,1720,1674,1381,298,925,1231,432,39,3047,3231,3238,3240,3241,4082,4093,4093,4093,4093,4093,4093,4093,4093
1121,184,1945,1374,1704,1694,1394,297,926,1260,479,39,3041,3229,3236,3238,3239,4082,4092,4093,4093,4093,4093,4092,4093,4092
1134,185,1937,1338,1683,1740,1401,296,942,1281,503,40,3031,3226,3233,3235,3236,4082,4093,4092,4093,4093,4092,4093,4093,4092
1148,185,1950,1353,1747,1715,1350,295,946,1282,552,39,3014,3218,3225,3227,3227,4082,4092,4093,4093,4093,4093,4093,4093,4093
1162,185,1957,1304,1685,1783,1387,297,940,1242,547,40,2983,3201,3209,3211,3211,4081,4092,4092,4093,4092,4092,4093,4093,4092
1176,185,1957,1277,1699,1770,1344,294,963,1235,530,40,2943,3180,3190,3191,3191,4081,4092,4093,4093,4092,4093,4093,4093,4092
1190,185,1972,1326,1727,1713,1453,290,965,1226,555,39,2882,3152,3164,3165,3165,4081,4092,4092,4093,4093,4093,4093,4093,4093
1204,185,1971,1352,1664,1704,1506,295,950,1170,532,39,2726,3109,3134,3137,3136,4080,4093,4093,4093,4092,4093,4093,4093,4092
1217,185,1969,1397,1742,1696,1496,295,956,1161,575,39,2504,3069,3107,3109,3109,4080,4093,4092,4093,4092,4092,4093,4093,4093
1231,185,1968,1378,1784,1803,1494,301,939,1188,588,38,2162,3033,3094,3098,3099,4080,4092,4092,4093,4092,4093,4093,4093,4092
1245,185,1977,1402,1781,1757,1458,300,917,1169,598,38,298,2925,3077,3084,3086,4080,4092,4092,4093,4093,4093,4093,4093,4092
1259,185,1975,1405,1786,1645,1443,302,881,1202,602,38,222,2919,3071,3078,3080,4080,4092,4093,4093,4093,4093,4093,4093,4093
1273,185,1976,1361,1737,1778,1504,299,942,1297,540,38,308,2925,3072,3079,3081,4080,4093,4092,4093,4092,4093,4093,4093,4092
1287,185,1971,1392,1790,1760,1458,299,963,1266,552,38,304,2922,3073,3079,3081,4080,4092,4092,4092,4092,4093,4092,4093,4093
1301,185,1970,1367,1726,1783,1544,299,988,1150,560,38,290,2908,3067,3074,3075,4080,4093,4092,4093,4092,4093,4093,4093,4093
1314,186,1976,1380,1740,1826,1619,300,949,1168,517,38,277,2887,3057,3064,3066,4079,4092,4092,4092,4093,4093,4093,4093,4092
1328,186,1974,1410,1796,1855,1512,300,962,1217,569,38,249,2856,3044,3051,3052,4079,4093,4092,4093,4092,4093,4093,4093,4092
1342,186,1987,1408,1804,1819,1642,301,977,1191,539,38,245,2818,3026,3034,3035,4079,4093,4092,4093,4092,4092,4093,4093,4093
1356,186,1971,1373,1805,1782,1602,298,977,1225,355,38,250,2773,3006,3015,3016,4079,4092,4092,4093,4093,4092,4093,4093,4092
1370,186,1995,1342,1743,1787,1600,299,901,1210,551,37,259,2713,2981,2994,2995,4078,4092,4093,4093,4093,4092,4092,4093,4093
1384,186,2005,1358,1781,1785,1597,301,989,1220,510,37,259,2606,2951,2972,2973,4078,4092,4093,4093,4093,4093,4093,4093,4093
1397,186,2013,1399,1799,1740,1625,296,965,1179,515,37,253,2376,2910,2946,2948,4078,4093,4092,4093,4093,4093,4093,4093,4092
1411,186,2016,1397,1783,1757,1638,300,1010,1187,517,37,251,2353,2890,2925,2928,4078,4093,4092,4092,4093,4093,4093,4093,4093
1425,186,2007,1405,1832,1722,1632,301,962,1174,543,37,259,2267,2870,2912,2915,4077,4092,4093,4093,4092,4093,4093,4093,4093
1439,186,2008,1409,1767,1661,1656,301,988,1171,508,37,240,904,2800,2906,2910,4077,4092,4093,4093,4092,4093,4093,4093,4093
1453,186,2015,1384,1816,1692,1719,300,946,1204,546,37,246,361,2779,2908,2912,4077,4092,4092,4093,4093,4092,4093,4093,4093
1467,186,2015,1406,1772,1717,1701,301,984,1212,515,37,257,448,2789,2907,2911,4077,4092,4092,4093,4092,4092,4093,4093,4093
1480,186,2018,1398,1756,1721,1587,303,970,1232,517,37,255,488,2794,2909,2912,4077,4093,4092,4093,4092,4093,4092,4093,4093
1494,186,2015,1406,1775,1785,1716,301,992,1218,549,37,253,400,2786,2909,2913,4077,4092,4092,4092,4092,4093,4093,4093,4092
1508,187,2015,1425,1803,1805,1520,301,1013,1117,493,37,264,346,2778,2906,2910,4077,4092,4092,4093,4093,4093,4093,4093,4092
1522,187,2019,1419,1820,1802,1666,301,986,1245,545,37,256,388,2781,2913,2916,4077,4093,4092,4093,4092,4092,4093,4093,4092
1536,187,2032,1412,1802,1772,1642,304,1009,1211,465,37,265,432,2787,2921,2926,4077,4092,4092,4092,4092,4093,4092,4093,4092
1550,187,2001,1398,1842,1701,1587,304,1007,1192,565,37,255,438,2764,2903,2910,4077,4092,4093,4093,4092,4093,4093,4093,4093
1564,187,2007,1413,1846,1802,1579,303,1005,1192,534,37,255,465,2747,2889,2894,4077,4093,4093,4093,4092,4093,4093,4093,4092
1577,187,2008,1415,1833,1756,1643,304,1025,1240,535,37,260,444,2734,2885,2890,4077,4092,4092,4093,4092,4093,4093,4093,4093
1591,187,1985,1380,1865,1772,1650,303,973,1219,514,37,259,434,2711,2876,2883,4077,4092,4093,4092,4093,4093,4092,4093,4092
1605,187,1984,1455,1860,1811,1699,301,1017,1244,569,37,250,476,2674,2861,2869,4077,4093,4093,4093,4093,4092,4093,4093,4093
1619,187,1970,1438,1878,1821,1705,301,983,1277,566,37,254,460,2608,2838,2851,4076,4092,4092,4093,4092,4093,4092,4093,4092
1633,187,1955,1441,1873,1756,1687,300,1020,1247,523,37,254,494,2458,2811,2837,4076,4092,4092,4093,4093,4093,4093,4093,4093
1647,187,1999,1422,1875,1866,1723,303,1007,1234,549,36,257,482,2319,2791,2825,4076,4092,4093,4092,4092,4093,4092,4093,4093
1660,187,2009,1178,1878,1904,1684,303,1016,1187,574,36,254,435,2354,2787,2818,4076,4093,4092,4093,4093,4093,4092,4093,4092
1674,187,2022,1450,1849,1899,1672,303,997,1267,553,36,238,464,1879,2759,2813,4076,4092,4092,4092,4092,4093,4093,4093,4092
1688,187,2022,1435,1894,1851,1626,303,995,1251,524,36,266,446,758,2717,2808,4076,4093,4092,4093,4093,4092,4092,4093,4092
1702,187,2024,1432,1880,1892,1679,303,990,1238,562,36,262,443,144,2705,2815,4076,4093,4092,4092,4092,4093,4093,4093,4092
1716,187,2016,1452,1867,1916,1666,302,947,1168,554,36,261,463,75,2701,2810,4076,4093,4093,4093,4092,4093,4093,4093,4093
1730,187,2007,1449,1864,1867,1560,302,1004,1211,576,36,260,456,82,2705,2811,4076,4093,4092,4093,4092,4093,4093,4093,4092
1743,187,2017,1438,1877,1938,1635,303,1015,1215,581,36,267,444,83,2703,2809,4076,4092,4092,4093,4093,4093,4093,4093,4092
1757,187,2023,1451,1870,1959,1720,303,1028,1235,577,36,258,451,82,2705,2812,4076,4093,4093,4093,4092,4093,4093,4093,4092
1771,187,2019,1452,1807,1984,1724,304,1037,1267,568,36,267,434,83,2705,2815,4076,4093,4092,4093,4092,4093,4093,4093,4092
1785,187,2025,1420,1824,1979,1758,312,970,1229,557,36,254,437,83,2703,2815,4076,4092,4092,4093,4093,4092,4093,4093,4093
1799,187,2030,1433,1795,1949,1737,305,1004,1203,570,36,265,422,84,2737,2860,4076,4093,4092,4093,4092,4092,4093,4093,4092
1813,187,2034,1463,1818,1971,1715,304,997,1258,572,36,265,432,85,2717,2833,4076,4092,4093,4093,4092,4092,4093,4093,4092
1826,187,2040,1455,1828,1977,1730,304,985,1227,566,36,276,415,84,2689,2809,4076,4092,4093,4093,4093,4093,4093,4093,4092
1840,187,2018,1426,1869,1841,1723,305,978,1216,570,36,276,406,83,2682,2806,4076,4093,4092,4092,4092,4093,4093,4093,4093
1854,187,2035,1406,1830,2009,1654,303,989,1178,576,36,267,412,83,2669,2796,4075,4092,4092,4093,4092,4093,4093,4093,4093
1868,187,2037,1465,1864,1897,1727,301,1025,1174,515,36,266,414,84,2657,2792,4075,4092,4093,4093,4092,4093,4093,4093,4092
1882,187,2033,1427,1869,1933,1667,303,1018,1195,565,36,273,412,83,2636,2781,4075,4092,4092,4093,4092,4092,4093,4093,4092
1896,187,2042,1455,1891,1896,1731,304,1005,1191,581,36,273,426,83,2615,2776,4075,4093,4092,4093,4092,4092,4093,4093,4093
1910,187,2044,1466,1899,1875,1706,304,991,1172,559,36,259,416,84,2566,2762,4075,4092,4092,4093,4093,4093,4093,4093,4093
1923,187,2044,1474,1886,1948,1765,304,994,1175,539,36,266,445,82,2457,2744,4075,4092,4092,4093,4093,4092,4093,4093,4093
1937,187,2036,1477,1894,1954,1761,305,915,1191,508,36,267,450,83,2419,2736,4075,4093,4092,4093,4092,4093,4093,4092,4092
1951,187,2036,1420,1865,1962,1613,303,967,1209,506,36,274,454,83,2521,2814,4076,4092,4092,4092,4092,4093,4093,4093,4093
1965,187,2033,1443,1892,1914,1747,302,994,1203,507,36,262,451,82,2200,2716,4075,4092,4093,4093,4092,4093,4093,4093,4092
0,184,250,3814,4073,4091,4092,4092,4086,4077,4076,4076,4077,4077,4078,4078,4076,4092,4092,4092,4093,4093,4092,4093,4093,4092
13,176,245,3892,4068,4091,4092,4092,4088,4082,4081,4081,4081,4081,4082,4082,4080,4092,4093,4092,4093,4093,4093,4093,4093,4093
27,158,242,3647,4048,4089,4092,4092,4089,4083,4082,4082,4081,4082,4082,4082,4080,4092,4092,4092,4092,4093,4092,4093,4093,4092
41,154,242,3347,4019,4085,4092,4092,4089,4084,4083,4082,4082,4083,4083,4083,4081,4092,4092,4092,4092,4092,4093,4093,4093,4092
55,162,242,3087,3890,4073,4091,4092,4090,4084,4083,4082,4082,4083,4083,4083,4082,4092,4092,4092,4093,4093,4092,4093,4093,4092
69,156,255,3109,678,4002,4088,4092,4090,4084,4083,4082,4082,4083,4083,4083,4081,4092,4093,4092,4093,4092,4093,4092,4093,4092
83,149,256,3138,647,3802,4073,4091,4089,4083,4083,4082,4082,4083,4083,4083,4081,4092,4092,4092,4093,4092,4092,4092,4093,4092
96,149,253,3218,579,552,3966,4085,4089,4083,4082,4082,4082,4082,4082,4082,4081,4092,4092,4093,4093,4093,4093,4092,4093,4092
110,150,257,3344,570,575,1135,4027,4087,4082,4081,4081,4081,4081,4081,4081,4080,4092,4092,4092,4093,4093,4093,4093,4093,4093
124,152,266,3315,568,521,558,3803,4074,4080,4079,4078,4078,4078,4078,4078,4077,4092,4092,4092,4093,4092,4093,4093,4093,4092
138,155,277,3172,588,549,512,272,3978,4069,4069,4068,4067,4067,4067,4066,4064,4092,4092,4092,4093,4092,4092,4093,4093,4092
152,157,285,3270,596,537,538,240,1369,3977,4000,3991,3984,3975,3967,3958,3946,4091,4092,4092,4092,4093,4092,4093,4093,4092
166,159,286,3349,620,567,514,258,533,3656,3676,3669,3661,3646,3632,3625,3623,4087,4093,4093,4093,4092,4093,4092,4093,4092
179,160,284,3391,603,540,546,239,519,627,3240,3538,3556,3559,3560,3558,3552,4086,4092,4092,4092,4092,4092,4092,4093,4093
193,161,279,3455,693,562,551,230,461,522,558,3226,3426,3439,3444,3445,3444,4085,4092,4092,4093,4093,4093,4093,4093,4092
207,163,274,3443,676,577,541,235,454,510,227,3047,3323,3332,3324,3315,3305,4083,4092,4093,4093,4092,4093,4093,4093,4093
221,163,269,3465,685,591,544,272,462,549,171,67,3037,3225,3235,3237,3237,4082,4092,4093,4092,4092,4092,4093,4093,4093
235,163,266,3537,763,602,554,240,455,590,180,43,2899,3152,3163,3161,3156,4081,4092,4092,4093,4093,4093,4092,4093,4093
249,164,263,3489,740,647,594,227,479,510,191,47,1156,2949,3074,3081,3081,4080,4093,4092,4093,4092,4093,4093,4093,4093
262,165,260,3447,743,627,543,236,460,522,179,43,195,2862,3050,3058,3058,4079,4092,4092,4093,4092,4093,4093,4093,4093
276,165,257,3458,760,639,544,231,487,531,179,42,170,2606,2935,2948,2945,4078,4092,4093,4093,4092,4093,4093,4093,4092
290,166,253,3450,794,678,578,228,468,523,175,41,134,305,2782,2911,2915,4077,4092,4092,4093,4093,4093,4093,4093,4092
304,166,249,3520,821,684,591,230,596,521,172,44,140,346,2758,2901,2906,4077,4092,4092,4093,4092,4092,4093,4093,4092
318,166,247,3540,828,696,616,232,493,541,156,42,134,176,2668,2864,2870,4077,4092,4092,4093,4092,4093,4093,4093,4093
332,162,245,3599,905,707,604,234,471,511,170,43,151,168,2500,2808,2826,4076,4092,4092,4093,4093,4093,4093,4093,4093
346,169,244,3639,875,693,625,227,473,538,165,47,142,211,491,2719,2822,4076,4092,4092,4093,4092,4093,4093,4093,4093
359,172,244,3655,905,763,634,229,491,554,175,46,127,197,91,2725,2833,4076,4092,4093,4093,4092,4092,4092,4093,4093
373,174,243,3666,862,770,686,233,526,560,178,43,126,188,85,2710,2827,4076,4092,4092,4093,4093,4093,4093,4093,4093
387,178,242,3671,889,785,708,226,482,548,177,42,119,177,92,2664,2807,4076,4092,4092,4093,4093,4092,4093,4093,4092
401,179,247,3677,889,836,623,236,507,567,169,42,118,166,87,2579,2776,4075,4093,4093,4093,4092,4093,4093,4093,4093
415,179,251,3688,882,826,769,237,517,576,178,41,120,158,88,2402,2732,4075,4092,4093,4093,4092,4092,4093,4093,4092
429,179,248,3694,913,794,796,239,521,551,176,42,122,161,83,303,2632,4074,4092,4093,4092,4092,4093,4093,4093,4092
442,180,244,3697,944,834,768,241,525,576,179,40,118,150,76,122,2624,4074,4092,4093,4092,4093,4092,4092,4093,4092
456,180,240,3711,987,866,818,238,512,607,183,40,120,152,83,107,2620,4074,4093,4092,4093,4092,4092,4093,4093,4092
470,180,237,3730,989,911,820,239,549,587,182,39,126,161,93,108,2607,4074,4093,4093,4093,4092,4093,4093,4093,4092
484,180,235,3740,988,920,830,245,555,598,187,40,125,162,85,106,2572,4074,4092,4092,4093,4092,4093,4093,4093,4092
498,181,232,3748,980,930,858,239,571,618,179,39,124,158,80,105,2501,4073,4092,4092,4093,4092,4093,4092,4093,4093
512,181,231,3753,953,942,903,243,612,627,184,38,121,165,84,106,2387,4071,4092,4092,4092,4093,4093,4093,4093,4092
525,181,230,3753,962,964,948,243,610,648,184,40,126,159,80,100,2269,4069,4092,4093,4093,4093,4093,4093,4093,4092
539,181,230,3762,1029,990,936,243,593,660,185,39,128,161,82,101,2012,4064,4092,4093,4093,4092,4092,4093,4093,4093
553,181,230,3732,1038,962,921,241,599,640,186,39,130,170,83,101,229,4041,4092,4092,4092,4093,4093,4093,4093,4092
567,181,230,3693,990,1018,961,244,642,681,199,38,129,171,82,101,82,4037,4092,4092,4093,4092,4093,4093,4093,4093
581,181,230,3647,1071,1018,999,244,632,657,210,39,128,180,80,102,85,4034,4092,4092,4093,4092,4093,4093,4093,4093
595,181,230,3629,1062,975,1063,248,638,670,203,39,127,186,79,102,84,4029,4092,4093,4093,4092,4093,4093,4093,4092
609,182,230,3651,1100,957,1088,247,650,676,219,39,125,169,80,102,85,4022,4092,4092,4092,4092,4093,4093,4093,4093
622,182,231,3673,1085,988,947,248,695,722,223,38,127,168,80,102,86,4011,4092,4093,4093,4093,4092,4093,4093,4092
636,182,230,3693,1068,971,937,248,687,717,223,38,131,174,82,107,82,3991,4092,4092,4093,4092,4093,4093,4093,4093
650,182,230,3701,1104,964,954,247,655,745,222,37,130,174,80,101,80,3955,4092,4092,4093,4093,4093,4093,4093,4092
664,182,230,3701,1121,946,943,248,661,716,217,37,131,173,80,104,79,3902,4091,4092,4093,4093,4092,4093,4093,4092
678,182,230,3696,1119,920,869,244,702,722,225,37,139,183,81,104,81,3850,4090,4092,4092,4092,4092,4092,4093,4092
692,182,231,3688,1112,916,873,242,723,770,220,38,138,186,80,103,82,3799,4089,4092,4092,4092,4092,4092,4092,4092
705,182,231,3676,1088,947,886,248,732,760,229,37,149,189,83,102,81,3695,4086,4092,4092,4092,4092,4092,4092,4092
719,182,231,3652,1109,978,890,244,730,774,242,37,148,184,79,102,82,1807,4063,4092,4092,4092,4092,4092,4092,4092
733,182,231,3642,1089,991,836,233,656,783,264,38,152,190,80,102,78,751,4052,4092,4092,4092,4092,4092,4093,4092
747,182,231,3609,1094,1016,857,236,619,743,257,37,148,206,83,104,82,636,4050,4092,4092,4092,4092,4092,4092,4092
761,182,231,3608,1101,964,908,238,624,747,267,37,154,206,82,104,81,586,4048,4092,4092,4092,4092,4092,4092,4092
775,182,231,3636,1101,924,894,238,637,724,273,37,151,216,81,105,81,527,4045,4092,4092,4092,4092,4092,4092,4092
788,183,231,3587,1147,968,938,237,613,707,272,36,155,218,83,105,83,490,4041,4092,4092,4092,4092,4092,4092,4092
802,183,231,3708,1183,1025,892,236,640,719,271,37,149,206,81,105,83,469,4036,4092,4092,4092,4092,4092,4093,4092
816,183,231,3715,1189,1094,956,239,623,733,242,37,155,212,86,103,83,448,4029,4092,4092,4092,4092,4092,4093,4092
830,183,231,3716,1186,1108,976,242,598,742,249,37,158,207,83,103,82,464,4020,4092,4092,4092,4092,4092,4092,4092
844,183,231,3724,1195,1107,983,242,639,700,243,37,158,214,82,104,80,477,4006,4092,4092,4092,4092,4092,4092,4092
858,183,231,3709,1176,1111,976,245,600,685,236,37,160,213,80,104,82,480,3988,4092,4092,4092,4092,4092,4092,4092
871,183,231,3703,1222,1136,917,247,615,717,234,36,158,222,79,103,81,470,3962,4091,4092,4092,4092,4092,4092,4092
885,183,231,3704,1248,1132,910,243,632,704,240,36,163,215,81,105,83,486,3934,4091,4093,4092,4092,4092,4092,4092
899,183,231,3706,1266,1141,915,239,645,682,249,37,163,216,81,106,84,473,3898,4091,4092,4092,4092,4092,4092,4092
913,183,231,3709,1264,1083,900,239,660,731,230,36,158,231,80,104,82,475,3858,4090,4092,4092,4092,4092,4092,4092
927,184,230,3698,1279,1110,864,239,675,749,237,37,159,237,81,107,82,463,3820,4090,4092,4092,4092,4092,4092,4092
941,184,230,3701,1270,1114,890,236,661,743,264,37,155,235,81,105,81,449,3782,4089,4092,4092,4092,4092,4093,4092
955,184,230,3698,1259,1101,894,234,612,699,243,36,162,222,80,108,82,434,3756,4089,4092,4092,4092,4092,4093,4092
968,184,230,3694,1284,1123,877,231,603,727,233,36,163,214,81,104,82,452,3435,4084,4092,4092,4092,4092,4092,4092
982,185,230,3693,1273,1086,926,236,612,714,231,36,156,223,81,106,85,435,830,4055,4092,4092,4092,4092,4092,4092
996,185,230,3691,1281,1078,948,237,607,698,240,36,154,212,81,106,82,423,263,4048,4092,4092,4092,4092,4092,4092
1010,185,230,3690,1271,1100,941,236,584,689,244,36,149,234,81,107,80,422,165,4046,4092,4092,4092,4092,4092,4092
1024,185,230,3688,1304,1165,968,240,591,646,237,37,155,229,81,107,82,425,152,4045,4092,4092,4092,4092,4092,4092
1038,185,230,3685,1316,1121,1008,239,586,643,243,37,152,229,82,107,81,441,150,4045,4092,4092,4092,4092,4093,4092
1051,185,230,3680,1341,1133,1005,243,580,649,224,36,144,224,80,107,82,439,150,4044,4092,4092,4092,4092,4093,4092
1065,185,230,3675,1334,1146,958,243,602,633,217,36,159,213,82,106,83,439,152,4043,4092,4092,4092,4092,4093,4092
1079,185,230,3670,1359,1158,937,243,619,690,212,36,153,210,80,107,82,444,153,4043,4092,4092,4092,4092,4093,4092
1093,186,230,3662,1366,1163,925,244,659,701,202,36,163,210,80,107,82,455,157,4042,4092,4092,4092,4092,4092,4092
1107,185,230,3657,1396,1195,903,240,686,698,205,36,157,211,80,106,82,463,156,4042,4092,4092,4092,4092,4092,4092
1121,186,230,3650,1405,1171,909,244,685,685,203,36,159,217,80,106,81,461,155,4041,4092,4092,4092,4092,4093,4092
1134,186,230,3641,1427,1195,908,236,691,695,202,37,153,220,79,107,80,488,155,4040,4092,4092,4092,4092,4092,4092
1148,185,230,3631,1426,1253,929,235,663,711,204,37,156,233,79,106,82,505,155,4039,4092,4092,4092,4092,4092,4092
1162,185,230,3624,1430,1232,927,232,640,749,210,36,158,212,81,107,83,481,158,4037,4092,4092,4092,4092,4092,4092
1176,185,230,3609,1441,1266,926,234,622,723,216,37,144,222,79,106,81,493,156,4036,4092,4092,4092,4092,4092,4092
1190,186,231,3599,1455,1267,948,234,593,702,222,36,144,217,80,106,82,489,155,4033,4092,4092,4092,4092,4092,4092
1204,186,231,3600,1472,1246,965,233,574,718,217,37,141,206,81,107,81,481,159,4031,4092,4092,4092,4092,4092,4092
1217,186,231,3586,1446,1275,923,235,576,673,230,37,142,207,80,107,82,506,157,4027,4092,4092,4092,4092,4092,4092
1231,186,230,3583,1420,1304,958,235,580,657,229,37,146,206,79,106,80,494,159,4022,4092,4092,4092,4092,4092,4092
1245,186,230,3548,1467,1335,972,235,586,645,222,37,146,197,79,106,80,485,160,4015,4092,4092,4093,4092,4092,4092
1259,186,231,3559,1477,1317,968,237,580,646,223,36,148,198,79,107,83,501,157,4007,4092,4092,4092,4092,4092,4092
1273,186,230,3553,1472,1330,769,237,610,645,222,36,144,192,79,107,82,497,159,3996,4092,4092,4092,4092,4092,4092
1287,186,231,3548,1469,1330,954,236,588,652,217,37,143,197,82,109,82,500,157,3983,4092,4092,4092,4092,4092,4092
1301,186,231,3559,1462,1356,976,237,610,627,215,37,143,205,80,106,83,514,157,3968,4092,4092,4092,4092,4092,4092
1314,186,231,3553,1489,1381,965,237,586,648,211,37,141,205,83,105,81,487,155,3953,4091,4092,4092,4092,4092,4092
1328,186,231,3557,1487,1385,971,236,614,675,209,37,149,195,79,104,82,512,157,3938,4091,4092,4092,4092,4093,4092
1342,186,231,3559,1505,1327,972,236,581,674,201,36,145,201,79,104,82,510,156,3922,4091,4092,4092,4092,4092,4092
1356,186,231,3567,1483,1380,972,240,581,655,202,36,143,202,80,104,83,497,155,3909,4091,4092,4092,4092,4092,4092
1370,186,231,3566,1479,1368,987,237,572,633,204,37,145,201,78,102,81,535,156,3897,4091,4092,4092,4092,4093,4092
1384,186,231,3577,1514,1363,1032,239,561,648,209,37,144,201,78,104,81,518,156,3887,4091,4092,4092,4092,4092,4092
1397,186,230,3583,1536,1321,1025,240,576,627,214,37,148,207,80,105,80,518,159,3876,4090,4092,4092,4092,4092,4092
1411,186,231,3588,1544,1376,1070,236,575,625,213,37,152,201,81,106,82,526,156,3844,4090,4092,4092,4092,4092,4092
1425,186,231,3603,1486,1415,1070,237,586,630,210,38,143,199,81,105,83,511,155,3217,4082,4092,4092,4092,4092,4092
1439,186,231,3596,1570,1340,1067,239,582,618,201,37,139,204,80,107,81,501,157,2246,4070,4092,4092,4092,4092,4092
1453,186,231,3604,1530,1369,1079,237,572,634,205,37,142,192,80,106,82,501,158,1267,4060,4092,4092,4092,4092,4092
1467,186,231,3612,1592,1383,1075,234,590,631,201,37,139,196,80,105,81,494,156,918,4056,4092,4092,4092,4092,4092
1480,186,231,3609,1590,1419,1115,236,560,633,204,37,145,198,80,107,80,505,156,749,4054,4092,4092,4092,4092,4092
1494,186,231,3617,1592,1394,1082,236,574,621,205,37,140,185,82,104,81,490,156,630,4052,4092,4092,4092,4092,4092
1508,186,231,3618,1613,1432,1123,236,583,605,199,36,142,192,83,106,80,489,157,571,4051,4092,4092,4092,4092,4092
1522,186,231,3625,1620,1446,1113,238,566,623,200,37,142,190,81,105,81,500,156,552,4051,4092,4092,4092,4093,4092
1536,186,231,3634,1649,1461,1097,239,578,646,198,37,141,193,80,105,81,496,158,540,4050,4092,4092,4092,4093,4092
1550,186,231,3640,1656,1518,1073,238,566,643,201,37,142,191,82,105,81,482,157,539,4049,4092,4092,4092,4092,4092
1564,186,231,3641,1657,1485,1062,240,579,648,200,37,139,194,80,105,81,487,156,559,4049,4092,4092,4092,4093,4092
1577,186,230,3649,1662,1475,1051,240,579,628,196,38,137,201,80,105,80,484,155,553,4049,4092,4092,4092,4092,4092
1591,186,230,3656,1697,1489,1045,238,578,638,199,37,135,192,82,104,80,501,154,575,4049,4092,4092,4092,4092,4092
1605,186,230,3661,1729,1527,1069,237,577,649,200,37,136,202,80,104,80,496,156,603,4048,4092,4092,4092,4092,4092
1619,186,230,3662,1748,1465,1056,240,585,634,196,37,138,189,81,104,79,495,156,569,4048,4092,4092,4092,4092,4092
1633,186,230,3662,1752,1453,1044,242,574,649,201,36,138,186,80,105,81,493,154,565,4047,4092,4092,4092,4092,4092
1647,186,230,3667,1754,1469,1034,239,580,631,201,37,138,190,82,105,80,489,154,570,4047,4092,4092,4092,4092,4092
1660,186,230,3671,1759,1513,1063,242,607,638,204,37,137,193,81,105,81,471,155,569,4046,4092,4092,4092,4092,4092
1674,186,230,3672,1765,1497,1098,241,589,654,207,38,138,191,81,104,81,477,156,590,4045,4092,4092,4092,4092,4092
1688,186,230,3678,1768,1503,1051,242,589,640,202,37,143,192,83,105,82,477,158,582,4044,4092,4092,4092,4092,4092
1702,186,230,3682,1791,1477,1115,242,590,641,204,37,138,189,81,104,81,467,155,589,4044,4092,4092,4092,4093,4092
1716,186,230,3682,1803,1547,1119,241,590,634,205,38,138,187,82,105,82,461,157,608,4043,4092,4092,4092,4092,4092
1730,186,230,3684,1819,1567,1130,239,583,638,204,37,137,192,81,104,81,457,155,607,4042,4092,4092,4092,4092,4092
1743,186,230,3684,1823,1593,1116,238,579,639,198,37,139,193,82,104,81,468,157,623,4041,4092,4092,4092,4092,4092
1757,185,230,3687,1812,1575,1109,241,590,646,210,37,135,186,81,104,81,473,156,612,4040,4092,4092,4092,4092,4092
1771,186,230,3689,1820,1569,1129,242,600,655,209,37,137,181,82,105,81,468,157,628,4039,4092,4092,4092,4092,4092
1785,186,230,3688,1811,1549,1203,242,604,628,209,37,140,184,81,105,80,464,156,630,4038,4092,4092,4092,4093,4092
1799,186,230,3689,1810,1563,1163,243,592,625,207,37,141,189,81,104,80,482,158,639,4037,4092,4092,4092,4092,4092
1813,185,230,3687,1824,1553,1157,242,598,653,208,37,142,187,85,103,81,472,158,646,4036,4092,4092,4092,4092,4092
1827,186,230,3688,1830,1570,1171,241,612,641,201,37,141,181,83,103,82,459,157,682,4035,4092,4092,4092,4093,4092
1840,185,230,3689,1828,1577,1161,241,608,646,205,37,140,191,84,105,80,449,156,671,4033,4092,4092,4092,4092,4092
1854,185,230,3688,1849,1604,1179,243,598,647,213,37,139,195,81,104,81,470,161,685,4031,4092,4092,4092,4093,4092
1868,186,230,3688,1824,1617,1172,242,602,658,204,37,139,192,83,103,82,475,156,680,4029,4092,4092,4092,4092,4092
1882,186,230,3687,1850,1605,1208,242,617,653,209,37,141,190,80,102,80,468,157,716,4027,4092,4092,4092,4092,4092
1896,186,230,3679,1844,1605,1177,242,617,659,204,37,140,190,83,105,82,459,156,687,4023,4092,4092,4092,4092,4092
1910,186,230,3692,1867,1618,1194,241,615,684,218,37,137,197,82,104,83,510,462,1532,158,172,85,195,82,136
0,194,253,3915,4060,4083,4087,4087,4082,4046,4042,4040,4039,4039,4042,4042,4035,4090,4089,4091,4091,4090,4089,4089,4092,4087
13,184,284,3911,4050,4080,4087,4087,4083,4045,4040,4037,4037,4038,4041,4041,4035,4089,4089,4091,4091,4090,4089,4089,4092,4088
27,189,291,3577,4014,4071,4085,4086,4083,4043,4038,4035,4035,4035,4038,4039,4032,4089,4089,4091,4091,4090,4089,4089,4092,4090
41,183,279,666,3894,4042,4079,4084,4083,4043,4038,4035,4035,4034,4037,4039,4033,4089,4089,4091,4091,4090,4090,4090,4093,4092
55,183,273,592,2265,3885,4057,4078,4082,4041,4036,4033,4034,4034,4037,4038,4032,4089,4089,4091,4091,4091,4091,4091,4093,4092
69,184,269,496,632,1382,3908,4047,4076,4032,4027,4023,4023,4023,4028,4029,4023,4089,4089,4092,4092,4092,4092,4092,4093,4092
83,186,262,482,637,632,968,3737,4038,4014,4007,4005,4004,4002,4005,4005,3998,4089,4089,4092,4092,4092,4092,4093,4093,4092
96,190,256,508,666,617,580,761,3754,3877,3856,3847,3852,3845,3834,3821,3799,4087,4090,4092,4092,4092,4093,4093,4093,4092
110,192,246,518,610,584,599,303,543,1530,3191,3408,3437,3438,3437,3431,3421,4082,4090,4092,4093,4093,4092,4093,4093,4092
124,194,238,509,584,626,628,356,524,699,492,2882,3159,3189,3189,3177,3161,4079,4091,4093,4093,4092,4093,4093,4093,4092
138,195,236,536,629,602,701,270,522,576,266,93,2399,2863,2948,2954,2947,4077,4092,4092,4093,4092,4093,4093,4093,4092
152,195,237,547,645,604,594,290,518,596,195,58,157,1066,2636,2758,2762,4074,4092,4092,4092,4093,4093,4093,4093,4092
166,197,240,560,666,608,640,266,502,555,215,42,151,197,815,2588,2682,4072,4092,4092,4092,4092,4093,4093,4092,4092
179,197,242,631,691,612,623,273,521,572,192,48,144,181,84,2110,2577,4070,4092,4092,4093,4092,4092,4093,4093,4092
193,198,244,778,705,612,577,272,517,554,173,46,146,210,80,125,2428,4064,4092,4092,4093,4092,4092,4093,4093,4093
207,198,246,556,709,626,615,270,594,642,175,42,148,157,81,114,1738,4042,4092,4092,4092,4092,4093,4093,4093,4092
221,197,248,563,731,644,646,276,617,556,179,48,132,178,82,114,82,3982,4090,4092,4093,4092,4093,4093,4093,4092
235,197,250,665,723,610,645,260,554,580,218,55,118,190,90,106,81,3829,4085,4092,4092,4092,4092,4092,4093,4092
249,198,251,625,770,649,651,265,615,568,169,41,130,178,98,108,79,723,4040,4092,4092,4092,4092,4092,4092,4092
263,200,251,608,780,689,650,279,577,560,177,42,132,169,109,108,84,500,4021,4092,4092,4092,4092,4092,4092,4092
276,201,249,572,783,694,650,268,595,556,179,44,129,173,92,105,74,424,3990,4092,4092,4092,4092,4092,4092,4092
290,200,251,613,765,726,659,276,557,580,188,43,127,164,79,105,77,412,3913,4090,4092,4092,4092,4092,4092,4092
304,200,251,623,821,725,663,296,543,588,191,44,137,160,87,105,75,410,3792,4088,4092,4092,4092,4092,4092,4092
318,201,249,625,848,737,668,280,578,596,194,45,130,161,81,106,74,402,491,4049,4092,4092,4092,4092,4092,4092
332,201,248,670,836,739,703,268,556,570,201,39,121,164,90,104,71,414,170,4041,4092,4092,4092,4092,4093,4092
346,201,247,697,852,729,688,319,556,620,191,39,133,167,86,116,75,403,164,4035,4092,4092,4092,4092,4092,4092
359,201,247,664,896,746,710,277,589,643,218,48,138,175,80,107,81,413,170,4029,4092,4092,4092,4092,4092,4092
373,201,247,721,912,628,685,273,566,619,189,39,145,168,86,115,78,407,256,4017,4092,4092,4092,4092,4093,4092
387,201,245,715,953,596,713,273,578,615,210,44,138,166,87,113,92,417,176,3993,4092,4092,4092,4092,4092,4092
401,200,243,716,926,792,705,270,614,654,207,39,147,182,95,107,79,430,185,3958,4092,4092,4092,4092,4092,4092
415,199,243,732,942,787,742,281,626,645,219,39,141,179,83,113,76,399,184,3920,4091,4092,4092,4092,4093,4092
429,199,244,721,967,851,774,271,630,651,204,39,139,178,81,110,78,423,178,3889,4091,4092,4092,4092,4092,4092
442,199,245,740,974,869,778,281,602,643,210,40,145,182,93,107,79,418,174,1605,4063,4092,4092,4092,4092,4092
456,199,245,736,958,846,822,287,616,645,207,38,142,190,80,104,77,401,196,623,4052,4092,4092,4092,4092,4092
470,198,245,724,1015,847,798,290,609,653,198,41,145,189,77,106,73,407,177,570,4049,4092,4092,4092,4093,4092
484,198,244,737,1006,910,784,289,628,665,213,37,134,179,81,105,75,399,176,493,4044,4092,4092,4092,4092,4092
498,198,241,755,1030,885,910,289,650,648,211,38,147,184,78,108,76,420,177,553,4042,4092,4092,4092,4092,4092
512,199,239,786,1039,981,842,295,665,669,212,38,138,195,82,105,78,418,177,546,4037,4092,4092,4092,4092,4092
526,199,238,802,1039,1005,864,296,678,694,216,37,136,197,79,107,76,403,177,539,4031,4092,4092,4092,4092,4092
539,200,237,794,1048,1020,918,306,661,683,219,38,142,187,78,105,76,436,196,515,4022,4092,4092,4092,4092,4092
553,200,238,822,1015,1059,1025,304,710,690,212,38,146,195,79,108,75,434,177,506,4010,4092,4092,4092,4092,4092
567,200,239,816,1042,1054,976,310,715,688,227,39,155,208,79,117,76,431,169,498,3994,4092,4092,4092,4092,4092
581,200,239,817,1038,1071,1008,297,714,749,224,38,154,201,80,106,77,442,172,521,3973,4092,4092,4092,4092,4092
595,200,238,845,1050,1014,1003,310,753,784,238,37,153,206,80,107,115,439,173,531,3943,4091,4092,4092,4092,4092
609,200,237,877,1058,1031,1003,303,722,791,246,39,147,207,82,107,78,442,170,538,3909,4091,4092,4092,4092,4092
622,200,236,847,1107,1065,978,304,752,790,245,37,138,205,79,106,76,418,182,534,3879,4090,4092,4092,4092,4092
636,199,234,858,1122,1021,1017,315,769,792,247,37,147,186,79,106,75,428,174,541,3839,4090,4092,4092,4092,4092
650,199,233,871,1106,1071,991,318,744,766,246,36,142,204,79,106,76,425,166,556,1977,4067,4092,4092,4092,4092
664,199,232,848,1121,1125,1043,320,734,794,257,37,151,197,81,108,78,454,173,550,621,4054,4092,4092,4092,4092
678,198,231,878,1099,1114,995,319,803,832,277,37,146,198,76,107,78,448,168,551,226,4048,4092,4092,4093,4092
692,198,231,881,1116,1221,1029,314,809,762,274,37,154,198,77,107,77,448,168,551,181,4046,4092,4092,4092,4092
706,198,231,884,1087,1217,1018,311,802,844,251,37,149,192,79,109,77,455,167,555,154,4044,4092,4092,4092,4092
719,198,231,897,1123,1107,1055,326,710,811,262,37,162,198,80,108,76,460,167,577,139,4042,4092,4092,4092,4092
733,198,231,909,1134,1119,1056,315,784,857,252,36,162,205,77,106,74,477,170,547,127,4040,4092,4092,4092,4092
747,198,231,890,1130,1116,1036,316,766,819,283,36,166,223,78,105,76,447,169,575,128,4038,4092,4092,4092,4092
761,198,231,908,1145,1152,986,306,763,715,280,37,161,214,81,107,80,447,169,562,129,4036,4092,4092,4093,4092
775,198,231,906,1148,1113,965,311,868,812,274,36,163,221,79,104,76,468,164,567,128,4035,4092,4092,4092,4092
789,198,231,925,1166,1110,942,312,843,815,278,36,170,224,81,110,79,456,166,572,130,4033,4092,4092,4092,4092
802,198,231,947,1153,1139,987,308,771,899,289,37,178,213,83,111,80,469,167,573,139,4032,4092,4092,4092,4092
816,198,231,958,1156,1131,911,303,763,841,267,38,179,258,82,107,79,467,167,564,130,4029,4092,4092,4092,4092
830,198,231,959,1145,1186,902,304,764,808,277,37,172,226,79,108,77,456,173,571,132,4026,4092,4092,4092,4092
844,198,231,970,1179,1144,912,301,766,808,262,36,178,245,80,107,75,451,168,562,133,4023,4092,4092,4092,4092
858,198,231,986,1180,1110,895,297,757,809,264,36,173,237,81,107,78,453,167,572,131,4019,4092,4092,4092,4092
872,198,231,972,1231,1106,933,301,725,796,258,36,184,247,80,113,78,466,168,585,130,4014,4092,4092,4092,4092
885,198,231,978,1200,1091,909,292,701,748,269,36,176,231,80,111,77,455,169,575,132,4008,4092,4092,4092,4092
899,198,231,979,1208,1071,948,293,706,746,259,36,183,243,79,109,77,435,178,586,133,4002,4092,4092,4093,4092
913,198,227,1004,1183,1094,902,297,675,708,241,36,175,247,78,109,79,470,168,587,132,3994,4092,4092,4092,4092
927,198,226,1007,1222,1106,892,293,668,715,237,36,175,237,79,109,76,472,169,547,132,3984,4092,4092,4092,4092
941,199,227,1013,1229,1167,885,293,650,704,242,36,180,237,79,111,75,474,170,546,127,3970,4092,4092,4093,4092
955,199,228,1028,1272,1135,916,302,655,678,230,37,176,247,79,112,76,502,169,585,130,3955,4091,4092,4092,4092
969,199,229,987,1258,1153,925,290,664,672,223,36,170,244,80,109,77,492,168,551,131,3937,4091,4092,4092,4092
982,199,229,984,1294,1157,948,292,697,687,225,37,167,261,78,110,77,491,166,537,133,3920,4091,4092,4092,4092
996,199,230,990,1297,1119,949,286,749,675,236,37,166,255,83,112,78,496,167,562,129,3901,4091,4092,4093,4092
1010,199,230,958,1278,1164,916,290,714,673,229,37,161,242,80,112,78,491,165,579,131,3880,4091,4092,4092,4092
1024,199,230,981,1266,1139,880,289,665,691,218,37,161,232,77,112,78,496,162,583,131,3861,4090,4092,4092,4092
1038,199,230,1001,1268,1129,918,295,695,668,220,37,160,229,83,113,80,494,170,555,131,3845,4090,4092,4092,4092
1052,199,230,1004,1279,1127,882,290,681,704,227,37,168,235,81,111,80,486,165,585,133,3791,4089,4092,4092,4092
1065,199,230,985,1272,1117,920,291,650,729,233,38,164,227,82,112,77,501,165,583,129,3446,4084,4092,4092,4092
1079,199,230,1009,1269,1119,907,286,678,690,229,37,157,243,79,111,78,514,167,588,135,2642,4075,4092,4092,4092
1093,199,230,1011,1280,1132,900,291,653,679,224,37,155,229,80,112,79,509,167,610,130,1745,4065,4092,4092,4092
1107,199,230,994,1277,1126,889,290,657,697,224,38,154,230,80,110,77,527,165,633,130,1137,4059,4092,4092,4092
1121,199,230,1017,1291,1164,902,284,660,722,223,37,153,234,80,111,77,514,168,604,131,654,4053,4092,4092,4092
1135,199,231,1057,1313,1122,916,288,632,716,219,37,146,215,82,109,78,526,164,600,133,372,4050,4092,4092,4092
1149,199,231,1026,1321,1098,891,290,666,718,227,37,147,217,78,112,77,520,169,627,133,272,4048,4092,4092,4092
1162,199,231,1113,1311,1126,898,284,658,668,228,37,149,197,81,112,77,519,166,591,134,192,4046,4092,4092,4092
1176,199,231,1129,1332,1144,909,292,678,688,228,37,152,207,80,110,77,517,166,581,130,154,4045,4092,4092,4092
1190,199,231,1138,1365,1162,872,291,688,699,224,37,151,197,79,112,77,524,166,597,130,141,4045,4092,4092,4092
1204,199,231,1173,1353,1145,850,285,668,668,228,37,156,206,76,111,79,542,165,613,128,137,4044,4092,4092,4092
1218,199,231,1160,1330,1142,870,287,680,700,225,37,154,214,80,112,77,559,166,615,130,138,4044,4092,4092,4092
1232,199,232,1174,1346,1160,877,288,660,673,210,37,159,220,80,112,78,525,166,593,130,139,4044,4092,4092,4092
1245,199,232,1176,1362,1152,865,288,658,698,230,38,153,224,82,113,82,519,165,626,132,139,4043,4092,4092,4092
1259,200,232,1211,1343,1130,881,287,637,690,220,37,157,220,83,114,79,540,164,622,131,139,4043,4092,4092,4092
1273,200,232,1225,1337,1148,873,290,641,684,240,38,158,228,82,114,80,551,166,627,128,140,4043,4092,4093,4092
1287,200,232,1184,1362,1187,890,284,622,692,229,38,156,200,80,110,78,522,163,630,128,139,4042,4092,4092,4092
1301,200,232,1207,1352,1149,886,284,630,674,217,37,158,207,80,108,78,517,165,645,135,139,4042,4092,4092,4092
1315,200,232,1187,1341,1140,874,289,626,666,212,38,156,208,80,109,77,534,166,638,128,139,4042,4092,4092,4092
1328,200,232,1212,1342,1201,883,288,639,650,218,37,150,213,78,109,76,527,174,649,129,140,4041,4092,4092,4092
1342,200,232,1235,1336,1194,881,292,630,660,221,37,155,218,80,110,76,519,164,634,133,142,4041,4092,4092,4092
1356,200,232,1234,1359,1171,874,287,648,652,225,37,145,216,77,110,77,521,165,663,129,139,4041,4092,4092,4092
1370,200,232,1231,1384,1163,911,286,645,652,220,36,146,205,78,106,76,496,163,660,127,142,4040,4092,4092,4092
1384,200,232,1225,1380,1195,900,287,634,665,214,37,148,202,79,106,76,504,165,637,128,142,4040,4092,4092,4092
1398,200,232,1223,1381,1170,910,291,649,672,206,36,151,196,79,106,77,528,165,643,126,140,4039,4092,4092,4092
1412,200,232,1252,1388,1178,895,291,650,647,219,37,153,198,80,107,78,536,167,635,128,141,4039,4092,4092,4092
1425,200,232,1256,1394,1232,909,293,637,688,212,37,155,204,83,110,78,531,167,676,127,138,4038,4092,4092,4092
1439,201,232,1230,1411,1266,920,293,646,685,221,37,152,205,79,110,78,523,164,674,126,140,4038,4092,4092,4092
1453,200,232,1287,1435,1253,921,294,660,678,219,38,152,217,82,111,80,545,164,670,128,138,4038,4092,4092,4092
1467,200,233,1272,1438,1225,928,290,636,684,222,37,148,216,80,110,78,553,164,698,128,143,4037,4092,4092,4092
1481,200,233,1261,1434,1263,932,284,637,666,218,39,151,212,81,108,76,535,165,651,128,140,4036,4092,4092,4092
1495,200,233,1247,1442,1236,898,290,637,692,230,38,150,210,82,109,77,511,160,646,128,143,4036,4092,4092,4092
1508,200,233,1269,1450,1238,933,287,648,672,218,37,145,204,78,107,76,504,165,700,129,140,4035,4092,4092,4092
1522,201,233,1290,1447,1230,885,279,653,658,222,37,148,199,79,107,77,507,164,633,128,140,4034,4092,4092,4092
1536,200,233,1302,1464,1230,903,290,630,664,214,37,141,197,78,108,75,501,165,658,127,140,4033,4092,4092,4092
1550,200,234,1292,1485,1265,943,285,630,693,224,37,144,191,79,107,76,509,166,671,127,145,4033,4092,4092,4092
1564,200,234,1273,1486,1303,896,281,621,669,220,38,142,193,79,107,76,507,168,680,125,140,4032,4092,4092,4092
1578,200,234,1294,1453,1331,890,284,653,682,226,37,146,198,79,105,76,492,169,683,128,139,4031,4092,4092,4092
1592,200,234,1275,1436,1299,916,286,678,668,221,37,145,188,78,106,75,485,170,703,127,139,4030,4092,4092,4092
1605,200,234,1299,1454,1305,936,289,636,662,225,37,147,200,77,107,75,505,167,653,130,137,4029,4092,4092,4092
1619,200,234,1269,1481,1344,910,292,644,691,227,37,146,201,79,108,76,497,168,660,128,138,4028,4092,4093,4092
1633,200,234,1313,1490,1363,932,286,642,684,217,37,147,197,81,107,77,485,170,654,128,137,4027,4092,4092,4092
1647,200,234,1355,1490,1376,909,290,635,677,215,37,144,195,79,107,75,497,166,656,127,141,4026,4092,4093,4092
1661,200,234,1317,1446,1344,935,290,651,688,228,37,146,189,75,105,77,466,166,596,127,139,4024,4092,4092,4092
1675,200,234,1332,1490,1345,912,289,644,680,230,37,149,199,78,107,75,480,168,614,127,139,4024,4092,4092,4092
1688,200,234,1299,1495,1407,948,292,650,682,228,37,150,198,80,109,77,485,166,660,129,138,4023,4092,4092,4092
1702,200,235,1302,1506,1381,948,292,655,682,234,38,152,205,81,110,79,493,168,633,129,138,4022,4092,4092,4092
1716,200,235,1304,1518,1344,914,291,635,666,231,37,147,190,79,106,77,494,168,637,129,139,4020,4092,4092,4092
1730,200,235,1328,1525,1378,924,290,649,669,229,36,148,200,78,105,77,483,167,629,127,138,4018,4092,4092,4092
1744,200,235,1360,1551,1359,918,292,629,683,231,36,151,203,78,105,75,495,166,631,130,139,4017,4092,4092,4092
1758,200,235,1351,1548,1342,956,291,641,665,224,37,145,196,78,107,75,469,169,630,128,139,4015,4092,4092,4092
1771,200,235,1344,1523,1340,946,289,647,687,230,37,148,204,79,107,76,467,167,621,128,138,4014,4092,4092,4092
1785,200,235,1280,1517,1370,942,288,644,678,218,37,152,209,79,109,78,468,166,640,128,139,4012,4092,4092,4092
1799,200,235,1349,1543,1382,981,290,660,683,228,38,160,211,82,109,78,476,166,640,128,137,4011,4092,4092,4092
1813,200,235,1364,1544,1391,958,292,654,728,231,38,157,206,83,113,79,467,167,582,129,144,4009,4092,4092,4092
1827,200,235,1391,1506,1390,969,290,650,717,230,39,152,225,81,112,80,463,171,616,126,139,4007,4092,4092,4092
1841,200,235,1417,1514,1377,932,289,683,712,237,39,159,218,83,112,81,480,172,611,127,137,4005,4092,4092,4092
1855,200,235,1454,1535,1358,959,294,655,716,234,39,161,219,83,113,80,457,170,605,127,137,4003,4092,4092,4092
